23220
23221
23222
23224
23225
23226
23227
23230
23231
23232
23233
23234
23235
23236
23237
23238
23240
23243
23244
23245
23259
23260
23261
23262
23263
23264
23265
23266
23267
23269
23270
23271
23272
23281
23282
23283
23284
23285
23286
23287
23288
23289
23290
23291
23292
23293
23294
23295
23296
23298
23299
23300
23302
23304
23305
23306
23307
23309
23315
23316
23318
23321
23323
23325
23327
23328
23329
23330
23331
23332
23333
23334
23335
23336
23337
23343
23345
23346
23347
23348
23349
23350
23351
23352
23353
23354
23355
23356
23357
23371
23372
23373
23374
23375
23376
23389
23390
23391
23392
23395
23396
23397
23398
23399
23400
23401
23402
23403
23404
23406
23407
23410
23411
23412
23413
23414
23415
23416
23417
23418
23419
23420
23421
23422
23424
23425
23426
23427
23428
23429
23430
23431
23432
23433
23434
23435
23436
23437
23438
23439
23440
23441
23442
23443
23444
23445
23447
23448
23450
23452
23454
23455
23456
23457
23458
23459
23460
23461
23462
23463
23464
23465
23466
23467
23468
23469
23470
23471
23472
23473
23474
23475
23476
23477
23478
23479
23483
23485
23486
23487
23488
23489
23490
23491
23492
23493
23494
23495
23496
23497
23498
23505
23506
23507
23508
23510
23511
23512
23513
23514
23515
23516
23517
23518
23522
23523
23524
23525
23526
23528
23529
23530
23530
