137 13843
137 13845
137 13848
137 13849
137 13850
137 13852
137 13853
137 13854
137 13855
137 13857
137 13859
137 13861
137 13862
137 13863
137 13866
137 13867
137 13868
137 13869
137 13870
137 13871
137 13872
137 13873
138 13875
138 13876
138 13877
138 13880
138 13881
138 13882
138 13883
138 13884
138 13887
138 13889
138 13893
139 13894
139 13896
139 13897
139 13898
139 13904
139 13906
139 13910
139 13911
139 13912
139 13913
140 13951
141 13952
141 13953
141 13954
141 13955
141 13956
141 13957
141 13958
141 13959
141 13960
141 13961
141 13962
141 13963
141 13964
141 13965
141 13972
142 13978
142 13979
142 13980
142 13981
142 13982
142 13983
142 13984
142 13985
143 13992
143 13993
144 14004
144 14009
144 14010
144 14011
144 14012
144 14013
144 14016
144 14019
144 14020
144 14021
144 14022
144 14023
144 14024
145 14029
145 14030
145 14031
145 14032
145 14033
145 14045
145 14046
145 14049
145 14067
145 14068
145 14069
145 14070
145 14071
145 14072
145 14073
146 14074
146 14075
146 14076
146 14077
146 14079
146 14080
146 14082
146 14083
147 14085
147 14086
147 14087
147 14088
147 14090
148 14093
148 14094
148 14095
148 14096
148 14097
148 14098
148 14101
148 14106
148 14107
148 14108
149 14110
149 14111
149 14112
149 14113
149 14114
149 14115
149 14116
149 14117
150 14119
150 14121
150 14122
150 14123
150 14127
150 14128
150 14129
150 14130
151 14131
151 14132
151 14134
151 14135
151 14136
151 14144
151 14145
151 14146
151 14148
152 14149
152 14151
152 14180
152 14181
152 14182
152 14183
152 14184
152 14185
152 14186
152 14187
152 14189
152 14190
152 14191
152 14192
152 14193
153 14194
153 14195
153 14196
153 14197
153 14200
153 14201
153 14202
153 14203
154 14212
154 14213
154 14214
154 14215
154 14216
154 14217
154 14218
154 14219
154 14257
154 14258
155 14221
155 14222
155 14223
155 14224
155 14225
155 14248
155 14249
155 14250
155 14251
155 14252
155 14253
155 14254
155 14255
155 14256
156 14288
156 14289
156 14290
156 14291
156 14292
156 14293
156 14294
157 14296
157 14297
157 14298
157 14299
157 14300
157 14301
157 14302
157 14303
157 14304
157 14306
157 14307
157 14309
158 14311
158 14312
158 14313
158 14393
158 14404
158 14406
158 14408
158 14409
159 14410
159 14411
159 14422
159 14423
159 14424
160 14427
160 14458
160 14459
160 14460
160 14461
160 14462
161 14474
161 14480
161 14482
161 14483
161 14484
161 14493
161 14494
161 14495
162 14496
162 14498
162 14500
162 14501
162 14507
162 14508
162 14509
162 14510
162 14511
162 14512
163 14513
163 14514
163 14515
163 14516
163 14517
163 14518
163 14520
163 14521
164 14523
164 14525
164 14526
164 14532
164 14540
164 14541
164 14544
164 14545
164 14546
165 14547
165 14548
165 14549
165 14550
165 14551
165 14553
165 14554
165 14555
165 14556
165 14557
166 14569
166 14582
166 14583
166 14584
166 14585
166 14586
166 14587
166 14588
166 14589
166 14590
167 14591
167 14592
167 14593
167 14594
167 14596
167 14597
167 14598
167 14599
167 14604
167 14605
167 14612
167 14617
168 14618
168 14619
168 14620
168 14621
168 14622
168 14623
168 14625
168 14629
168 14630
169 14632
169 14633
169 14634
169 14635
169 14636
169 14637
169 14638
169 14639
169 14640
169 14657
169 14658
169 14662
170 14666
170 14668
170 14670
170 14671
170 14672
170 14673
172 15167
172 15168
173 15192
173 15193
173 15197
173 15198
173 15199
173 15200
174 15204
174 15215
174 15216
174 15218
174 15219
174 15220
174 15221
174 15222
174 15225
174 15226
174 15227
175 15230
175 15231
175 15232
175 15233
175 15234
175 15235
175 15236
175 15237
175 15238
175 15242
176 15243
176 15244
176 15245
176 15248
176 15249
176 15250
176 15251
176 15252
176 15253
176 15254
177 15267
177 15268
177 15269
177 15270
177 15271
177 15272
177 15273
177 15274
177 15275
177 15276
178 15286
178 15287
178 15288
178 15289
178 15290
178 15291
178 15292
178 15293
179 15295
179 15296
179 15297
179 15298
179 15305
179 15307
179 15308
179 15309
179 15310
180 15315
180 15316
180 15322
180 15323
180 15324
180 15325
180 15326
180 15327
180 15328
180 15329
180 15330
181 15332
181 15333
181 15334
181 15335
181 15336
181 15339
181 15340
181 15341
181 15342
182 15343
182 15344
182 15345
182 15346
182 15347
182 15348
182 15350
182 15351
182 15352
182 15353
183 15356
183 15357
183 15361
183 15363
183 15364
183 15365
183 15366
183 15367
183 15368
184 15369
184 15370
184 15371
184 15372
184 15373
184 15374
184 15375
184 15376
184 15377
185 15378
185 15379
185 15380
185 15381
185 15382
185 15383
185 15384
185 15385
185 15386
186 15387
186 15388
186 15389
186 15390
186 15391
186 15392
186 15393
186 15397
186 15398
186 15399
187 15411
187 15412
187 15413
187 15414
187 15415
187 15416
187 15421
187 15422
187 15423
188 15424
188 15425
188 15429
188 15430
188 15432
188 15434
188 15435
188 15436
188 15437
188 15438
188 15439
188 15440
189 15441
189 15442
189 15443
189 15444
189 15445
189 15446
189 15447
189 15448
189 15451
190 15469
190 15470
190 15471
190 15472
190 15473
190 15474
190 15475
190 15476
190 15477
191 15479
191 15480
191 15491
191 15492
191 15495
191 15496
191 15497
191 15498
191 15499
191 15500
191 15501
192 15504
192 15505
192 15508
192 15509
192 15510
192 15511
192 15512
192 15513
193 15516
193 15517
193 15520
193 15521
193 15522
193 15523
193 15524
193 15525
193 15526
194 15528
194 15529
194 15530
194 15531
194 15532
194 15533
194 15534
194 15535
194 15536
195 15538
195 15539
195 15540
195 15541
195 15542
195 15543
195 15544
195 15545
196 15547
196 15548
196 15549
196 15550
196 15551
196 15552
196 15553
196 15554
196 15555
197 15558
197 15559
197 15560
197 15561
197 15562
197 15563
197 15564
197 15565
197 15566
198 15567
198 15568
198 15569
198 15570
198 15571
198 15572
198 15573
198 15574
199 15581
199 15584
199 15586
199 15587
200 15589
200 15590
200 15598
200 15600
200 15602
200 15603
200 15604
200 15605
201 15607
201 15608
201 15609
201 15610
201 15613
201 15614
201 15615
202 15621
202 15628
202 15629
202 15642
202 15643
202 15644
202 15646
203 15647
203 15648
203 15649
203 15650
203 15651
203 15652
203 15653
203 15654
203 15655
204 15685
204 15686
204 15687
204 15688
204 15689
204 15690
204 15691
204 15692
204 15693
204 15695
204 15696
205 15697
205 15698
205 15699
205 15700
205 15701
205 15702
205 15703
205 15704
205 15705
205 15707
205 15709
205 15710
205 15711
205 15714
206 15717
206 15719
206 15720
206 15721
206 15722
206 15723
206 15724
206 15725
206 15726
207 15728
207 15729
207 15730
207 15748
207 15749
207 15750
207 15751
207 15752
207 15753
208 15755
208 15756
208 15757
208 15758
208 15759
208 15760
208 15761
208 15762
208 15763
209 15764
209 15765
209 15766
209 15767
209 15768
209 15769
209 15770
209 15771
209 15772
210 15773
210 15774
210 15775
210 15777
210 15778
210 15779
210 15780
210 15781
210 15782
210 15783
211 15784
211 15785
211 15787
211 15788
211 15789
211 15790
211 15791
211 15792
211 15793
212 15794
212 15795
212 15796
212 15798
212 15799
212 15800
212 15801
212 15802
212 15803
213 15805
213 15806
213 15807
213 15808
213 15809
213 15810
213 15811
213 15812
214 15813
214 15814
214 15815
214 15816
214 15819
214 15820
214 15821
214 15823
214 15824
214 15825
215 15826
215 15827
215 15829
215 15830
215 15831
215 15832
215 15833
215 15834
215 15835
215 15836
216 15837
216 15838
216 15839
216 15840
216 15841
216 15842
216 15843
217 15884
217 15885
217 15889
217 15891
217 15892
217 15893
217 15894
217 15895
218 15896
218 15897
218 15898
218 15899
218 15900
218 15901
218 15902
218 15903
218 15905
218 15906
218 15907
219 15915
219 15916
219 15917
219 15918
219 15920
219 15921
219 15922
219 15923
219 15924
219 15925
220 15926
220 15927
220 15928
220 15929
220 15930
220 15931
220 15932
220 15933
220 15934
221 15935
221 15936
221 15937
221 15938
221 15939
221 15940
221 15941
221 15942
221 15943
222 15944
222 15945
222 15946
222 15947
222 15948
222 15957
222 15958
222 15959
222 15960
222 15961
222 15962
223 15966
223 15967
223 15968
223 15969
223 15970
223 15971
223 15972
224 15973
224 15981
225 15982
225 15983
225 15984
225 15985
225 15986
226 16173
226 16174
226 16176
226 16177
226 16178
226 16179
226 16180
227 16181
227 16182
227 16183
227 16184
227 16185
227 16186
227 16187
227 16188
227 16189
228 16192
228 16193
228 16194
228 16195
228 16196
228 16197
228 16198
228 16199
228 16200
229 16201
229 16202
229 16203
229 16204
229 16205
229 16206
229 16208
229 16209
229 16210
229 16211
230 16212
230 16215
230 16216
230 16217
230 16218
230 16219
230 16220
230 16221
230 16222
231 16223
231 16224
231 16225
231 16226
231 16227
231 16228
231 16230
231 16243
231 16244
231 16245
232 16247
232 16248
232 16249
232 16250
232 16251
232 16252
232 16253
232 16254
232 16255
232 16256
233 16257
233 16260
233 16261
233 16281
233 16282
233 16283
233 16295
234 16297
234 16298
234 16299
234 16300
234 16301
234 16302
234 16303
234 16304
234 16305
234 16306
235 16310
235 16313
235 16314
236 16315
236 16316
236 16317
236 16318
236 16319
236 16320
236 16321
236 16322
236 16323
236 16324
236 16325
236 16326
237 16327
237 16328
237 16331
237 16332
237 16333
237 16334
237 16335
237 16336
237 16337
238 16338
238 16339
238 16340
238 16341
238 16342
238 16343
238 16344
238 16345
239 16346
239 16347
239 16349
239 16350
239 16351
239 16352
239 16353
239 16354
239 16355
239 16356
240 16358
240 16365
240 16366
240 16367
240 16369
240 16370
240 16371
240 16372
240 16373
240 16375
241 16379
241 16380
241 16382
241 16383
241 16384
241 16390
242 16410
242 16412
242 16413
242 16414
242 16415
242 16416
242 16417
242 16418
242 16419
242 16421
242 16430
242 16432
242 16434
243 16436
243 16437
243 16438
243 16439
243 16440
243 16441
243 16442
243 16443
244 16444
244 16445
244 16448
244 16450
244 16453
244 16456
244 16458
244 16461
244 16462
245 16464
245 16466
245 16467
245 16468
245 16469
245 16471
245 16472
245 16473
246 16474
246 16475
246 16476
246 16477
246 16478
246 16479
246 16480
246 16481
246 16482
247 16505
247 16510
247 16511
247 16512
247 16513
247 16515
247 16516
247 16524
247 16525
248 16529
248 16530
248 16531
248 16532
248 16533
248 16534
248 16535
249 16537
249 16538
249 16539
249 16540
249 16541
249 16542
249 16543
249 16544
249 16546
249 16554
249 16555
250 16556
250 16557
250 16558
250 16559
250 16561
250 16562
250 16571
250 16572
251 16573
251 16574
251 16575
251 16576
251 16577
251 16578
251 16579
251 16580
252 16584
252 16586
252 16587
252 16588
252 16589
252 16590
252 16591
252 16592
252 16595
253 16597
253 16599
253 16604
253 16611
253 16622
253 16629
253 16633
253 16638
253 16639
253 16648
253 16649
254 16600
254 16602
254 16607
254 16610
254 16612
254 16617
254 16618
254 16623
254 16624
254 16628
254 16630
255 16601
255 16613
255 16614
255 16625
255 16627
255 16631
255 16636
255 16641
256 16632
256 16634
256 16635
256 16637
256 16640
256 16646
256 16647
256 16650
256 16651
257 16652
257 16656
257 16660
257 16664
257 16673
258 16653
258 16655
258 16657
258 16659
258 16661
258 16663
258 16665
258 16672
258 16674
259 16654
259 16658
259 16671
259 16680
259 16681
259 16682
259 16683
260 16676
260 16677
260 16678
260 16679
260 16684
260 16685
260 16686
260 16687
261 16688
261 16689
261 16690
261 16691
261 16692
261 16710
261 16711
261 16712
261 16713
262 16694
262 16695
262 16697
262 16698
262 16699
262 16705
262 16706
262 16707
262 16708
262 16709
263 16700
263 16701
263 16703
263 16704
263 16727
263 16728
263 16729
263 16730
263 16731
264 16714
264 16715
264 16716
264 16717
264 16722
264 16723
264 16724
264 16725
264 16726
264 16733
264 16734
264 16735
265 16761
265 16770
265 16771
265 16772
265 16786
265 16787
265 16789
265 16790
265 16791
266 16749
266 16754
266 16755
266 16782
266 16783
266 16784
267 16756
267 16757
267 16758
267 16759
267 16760
267 16792
267 16793
267 16794
267 16795
267 16800
268 16801
268 16802
268 16805
268 16806
268 16807
268 16828
268 16829
268 16831
268 16832
268 16833
269 16808
269 16809
269 16811
269 16812
269 16842
269 16843
269 16844
269 16845
270 16834
270 16835
270 16836
270 16837
270 16851
270 16852
270 16853
270 16854
271 16838
271 16839
271 16840
271 16841
271 16846
271 16848
271 16850
272 16870
272 16871
272 16872
272 16873
272 16878
272 16879
272 16880
272 16881
272 16882
273 16874
273 16875
273 16876
273 16877
273 16898
273 16899
273 16900
273 16901
274 16883
274 16885
274 16886
274 16892
274 16916
274 16917
274 16919
274 16920
275 16893
275 16895
275 16896
275 16897
275 16902
275 16903
275 16904
275 16905
276 16927
276 16929
276 16930
276 16946
276 16947
276 16948
276 16990
276 16991
276 16992
276 16993
277 16982
277 16983
277 16984
277 16985
277 16986
277 16987
277 17031
277 17032
277 17034
277 17035
277 17036
278 16994
278 17008
278 17009
278 17010
278 17011
278 17056
278 17058
278 17063
279 17012
279 17016
279 17017
279 17019
279 17025
279 17026
279 17027
279 17029
279 17030
279 17037
279 17038
279 17039
279 17053
279 17054
279 17055
280 17064
280 17065
280 17066
280 17067
280 17068
280 17074
280 17075
280 17076
280 17077
281 17069
281 17070
281 17071
281 17072
281 17073
281 17088
281 17089
281 17090
281 17091
281 17092
281 17112
282 17078
282 17079
282 17080
282 17081
282 17082
282 17083
282 17121
282 17122
282 17123
283 17084
283 17085
283 17086
283 17087
283 17114
283 17115
283 17116
283 17119
283 17120
284 17148
284 17149
284 17150
284 17153
284 17161
284 17162
284 17163
284 17164
285 17154
285 17155
285 17156
285 17157
285 17158
285 17179
285 17180
285 17181
285 17182
286 17168
286 17169
286 17170
286 17171
286 17211
286 17212
286 17213
286 17214
287 17175
287 17176
287 17177
287 17178
287 17183
287 17184
287 17185
287 17186
288 17187
288 17188
288 17189
288 17191
288 17192
288 17219
288 17220
288 17221
288 17223
288 17224
289 17196
289 17198
289 17202
289 17203
289 17205
289 17215
289 17216
289 17217
289 17218
290 17238
290 17239
290 17240
290 17241
290 17248
290 17249
290 17250
290 17252
291 17242
291 17243
291 17244
291 17245
291 17246
291 17247
291 17263
291 17264
291 17265
291 17266
291 17267
292 17253
292 17254
292 17255
292 17256
292 17258
292 17274
292 17275
292 17276
292 17277
293 17259
293 17260
293 17261
293 17262
293 17268
293 17271
293 17272
293 17273
294 17278
294 17279
294 17280
294 17281
294 17290
294 17291
294 17292
295 17282
295 17283
295 17285
295 17286
295 17287
295 17289
295 17308
295 17309
295 17311
295 17312
295 17313
295 17314
295 17316
296 17301
296 17302
296 17303
296 17335
296 17336
296 17337
296 17338
297 17304
297 17305
297 17306
297 17307
297 17317
297 17318
297 17320
297 17331
297 17334
298 17340
298 17341
298 17342
298 17343
299 17344
299 17345
299 17416
299 17417
299 17418
299 17419
299 17444
299 17445
299 17446
299 17447
300 17401
300 17402
300 17403
300 17404
300 17405
300 17406
300 17411
300 17412
300 17413
300 17415
301 17407
301 17408
301 17409
301 17410
301 17425
301 17426
301 17427
301 17428
301 17429
302 17421
302 17422
302 17423
302 17424
302 17430
302 17431
302 17440
302 17441
302 17442
302 17443
303 17448
303 17449
303 17450
303 17451
303 17477
303 17478
303 17479
303 17480
304 17472
304 17473
304 17474
304 17475
304 17476
304 17489
304 17490
304 17492
304 17493
304 17494
305 17481
305 17482
305 17483
305 17484
305 17499
305 17500
305 17501
305 17502
306 17485
306 17486
306 17487
306 17488
306 17495
306 17496
306 17497
306 17498
306 17503
306 17504
306 17505
307 18436
307 18437
307 18438
307 18439
308 18431
308 18432
308 18433
308 18434
309 18440
309 18441
309 18442
309 18443
310 18444
310 18445
310 18446
310 18449
311 18645
311 18646
311 18648
312 18624
312 18652
312 18653
313 18657
313 18658
313 18659
313 18689
313 18690
313 18691
313 18692
313 18693
314 18672
314 18673
314 18675
314 18694
314 18695
314 18696
314 18697
315 18670
315 18706
316 18794
316 18795
316 18796
316 18797
316 18806
316 18807
316 18808
316 18809
317 18800
317 18803
317 18804
317 18805
317 18830
317 18833
317 18834
317 18835
317 18836
318 18810
318 18811
318 18812
318 18813
319 18814
319 18816
319 18817
319 18825
319 18826
319 18827
319 18828
319 18829
319 18845
319 18846
320 18897
320 18898
321 18918
321 18919
321 18920
321 18921
321 18922
321 18923
321 18924
321 18925
321 18926
