139 13894 13895 13896 13897 13898 13899 13900 13901 13902 13904 13905 13906 13907 13908 13909 13910 13911 13912 13913
140 13914 13915 13916 13917 13918 13919 13920 13921 13922 13923 13924 13925 13926 13927 13929 13941 13942 13943 13944 13945 13946 13947 13948 13949 13950 13951
141 13952 13953 13954 13955 13956 13957 13958 13959 13960 13961 13962 13963 13964 13965 13966 13967 13968 13969 13970 13971 13972
142 13978 13979 13980 13981 13982 13983 13984 13985
143 13992 13993 13994 13995 13996 13997
144 13998 13999 14000 14001 14002 14003 14004 14005 14006 14007 14008 14009 14010 14011 14012 14013 14014 14015 14016 14017 14018 14019 14020 14021 14022 14023 14024
145 14026 14027 14028 14029 14030 14031 14032 14033 14034 14035 14036 14037 14038 14039 14040 14041 14042 14043 14044 14045 14046 14047 14048 14049 14050 14052 14053 14054 14055 14056 14057 14058 14059 14060 14061 14062 14063 14064 14065 14066 14067 14068 14069 14070 14071 14072 14073
146 14074 14075 14076 14077 14078 14079 14080 14081 14082 14083
147 14084 14085 14086 14087 14088 14089 14090
148 14092 14093 14094 14095 14096 14097 14098 14101 14102 14103 14104 14105 14106 14107 14108
149 14110 14111 14112 14113 14114 14115 14116 14117
150 14118 14119 14120 14121 14122 14123 14124 14125 14126 14127 14128 14129 14130
151 14131 14132 14133 14134 14135 14136 14144 14145 14146 14147 14148
152 14149 14150 14151 14180 14181 14182 14183 14184 14185 14186 14187 14188 14189 14190 14191 14192 14193
153 14194 14195 14196 14197 14198 14199 14200 14201 14202 14203 14204 14205 14206 14207 14208
154 14209 14210 14211 14212 14213 14214 14215 14216 14217 14218 14219 14257 14258 14259
155 14220 14221 14222 14223 14224 14225 14226 14227 14228 14229 14230 14231 14232 14233 14234 14235 14236 14237 14238 14239 14240 14241 14242 14243 14244 14245 14246 14247 14248 14249 14250 14251 14252 14253 14254 14255 14256
156 14260 14261 14262 14263 14264 14265 14266 14267 14268 14269 14270 14271 14272 14273 14274 14275 14276 14277 14278 14279 14280 14281 14282 14283 14284 14285 14286 14287 14288 14289 14290 14291 14292 14293 14294
157 14295 14296 14297 14298 14299 14300 14301 14302 14303 14304 14305 14306 14307 14308 14309
158 14310 14311 14312 14313 14389 14390 14391 14392 14393 14394 14395 14396 14397 14398 14399 14400 14401 14402 14403 14404 14405 14406 14407 14408 14409 14416
159 14410 14411 14420 14421 14422 14423 14424
160 14425 14426 14427 14428 14429 14430 14431 14432 14433 14434 14435 14436 14437 14438 14439 14440 14441 14442 14443 14444 14445 14446 14447 14448 14449 14450 14451 14452 14453 14454 14455 14456 14457 14458 14459 14460 14461 14462 14463 14464 14465 14466 14467 14468 14469 14470
161 14471 14472 14473 14474 14475 14476 14477 14478 14479 14480 14481 14482 14483 14484 14485 14486 14487 14488 14489 14490 14491 14492 14493 14494 14495
162 14496 14498 14499 14500 14501 14502 14503 14504 14505 14506 14507 14508 14509 14510 14511 14512
163 14513 14514 14515 14516 14517 14518 14519 14520 14521
164 14522 14523 14524 14525 14526 14527 14528 14529 14530 14531 14532 14533 14534 14535 14536 14537 14538 14539 14540 14541 14542 14543 14544 14545 14546
165 14547 14548 14549 14550 14551 14552 14553 14554 14555 14556 14557 14558
166 14560 14561 14562 14563 14564 14565 14566 14567 14568 14569 14570 14571 14572 14573 14574 14575 14576 14577 14578 14579 14580 14581 14582 14583 14584 14585 14586 14587 14588 14589 14590
167 14591 14592 14593 14594 14595 14596 14597 14598 14599 14603 14604 14605 14606 14607 14608 14609 14610 14611 14612 14613 14614 14615 14616 14617
168 14618 14619 14620 14621 14622 14623 14624 14625 14626 14627 14628 14629 14630 14631
169 14632 14633 14634 14635 14636 14637 14638 14639 14640 14641 14642 14643 14644 14645 14646 14647 14648 14649 14650 14651 14652 14653 14654 14655 14656 14657 14658 14659 14660 14661 14662 14663 14664 14665
170 14666 14667 14668 14669 14670 14671 14672 14673 14674 14675 14676
171 14677 14678 14679 14680 14681 14682 14683
172 15162 15163 15164 15165 15166 15167 15168 15169
173 15186 15187 15188 15189 15190 15191 15192 15193 15194 15195 15196 15197 15198 15199 15200 15201
174 15202 15203 15204 15205 15206 15207 15208 15209 15210 15211 15212 15213 15214 15215 15216 15217 15218 15219 15220 15221 15222 15223 15225 15226 15227
175 15228 15229 15230 15231 15232 15233 15234 15235 15236 15237 15238 15239 15240 15241 15242
176 15243 15244 15245 15246 15247 15248 15249 15250 15251 15252 15253 15254
177 15263 15264 15265 15266 15267 15268 15269 15270 15271 15272 15273 15274 15275 15276 15277 15278 15279
178 15281 15282 15283 15284 15285 15286 15287 15288 15289 15290 15291 15292 15293
179 15294 15295 15296 15297 15298 15299 15300 15301 15302 15303 15304 15305 15306 15307 15308 15309 15310
180 15314 15315 15316 15317 15318 15319 15320 15321 15322 15323 15324 15325 15326 15327 15328 15329 15330
181 15331 15332 15333 15334 15335 15336 15337 15338 15339 15340 15341 15342
182 15343 15344 15345 15346 15347 15348 15349 15350 15351 15352 15353
183 15354 15355 15356 15357 15358 15359 15360 15361 15362 15363 15364 15365 15366 15367 15368
184 15369 15370 15371 15372 15373 15374 15375 15376 15377
185 15378 15379 15380 15381 15382 15383 15384 15385 15386
186 15387 15388 15389 15390 15391 15392 15393 15394 15395 15396 15397 15398 15399 15400 15401 15402 15403 15404 15405 15406 15407 15408 15409
187 15411 15412 15413 15414 15415 15416 15417 15418 15419 15420 15421 15422 15423
188 15424 15425 15426 15427 15428 15429 15430 15431 15432 15433 15434 15435 15436 15437 15438 15439 15440
189 15441 15442 15443 15444 15445 15446 15447 15448 15449 15450 15451
190 15468 15469 15470 15471 15472 15473 15474 15475 15476 15477
191 15478 15479 15480 15481 15482 15483 15484 15485 15486 15487 15488 15489 15490 15491 15492 15493 15494 15495 15496 15497 15498 15499 15500 15501
192 15502 15503 15504 15505 15506 15507 15508 15509 15510 15511 15512 15513 15514
193 15515 15516 15517 15518 15519 15520 15521 15522 15523 15524 15525 15526
194 15527 15528 15529 15530 15531 15532 15533 15534 15535 15536
195 15537 15538 15539 15540 15541 15542 15543 15544 15545
196 15546 15547 15548 15549 15550 15551 15552 15553 15554 15555
197 15556 15557 15558 15559 15560 15561 15562 15563 15564 15565 15566
198 15567 15568 15569 15570 15571 15572 15573 15574 15575
199 15576 15577 15578 15579 15580 15581 15582 15583 15584 15585 15586 15587
200 15588 15589 15590 15591 15592 15593 15594 15595 15596 15597 15598 15599 15600 15601 15602 15603 15604 15605
201 15606  15607 15608 15609 15610 15611 15612 15613 15614 15615
202 15616 15617 15618 15619 15620 15621 15622 15623 15624 15625 15626 15627 15628 15629 15630 15631 15632 15633 15634 15635 15636 15637 15638 15639 15640 15641 15642 15643 15644 15645 15646
203 15647 15648 15649 15650 15651 15652 15653 15654 15655 15656 15657 15658 15659 15660 15661 15662 15663 15664 15665 15666 15667 15668 15669 15670 15671 15672 15673 15674 15675 15676 15677 15678 15679 15680 15681 15682
204 15683 15684 15685 15686 15687 15688 15689 15690 15691 15692 15693 15694 15695 15696
205 15697 15698 15699 15700 15701 15702 15703 15704 15705 15706 15707 15708 15709 15710 15711 15712 15713 15714
206 15716 15717 15718 15719 15720 15721 15722 15723 15724 15725 15726
207 15727 15728 15729 15730 15746 15747 15748 15749 15750 15751 15752 15753
208 15754 15755 15756 15757 15758 15759 15760 15761 15762 15763
209 15764 15765 15766 15767 15768 15769 15770 15771 15772
210 15773 15774 15775 15776 15777 15778 15779 15780 15781 15782 15783
211 15784 15785 15786 15787 15788 15789 15790 15791 15792 15793
212 15794 15795 15796 15797 15798 15799 15800 15801 15802 15803
213 15804 15805 15806 15807 15808 15809 15810 15811 15812
214 15813 15814 15815 15816 15817 15818 15819 15820 15821 15822 15823 15824 15825
215 15826 15827 15828 15829 15830 15831 15832 15833 15834 15835 15836
216 15837 15838 15839 15840 15841 15842 15843 15844 15845 15846
217 15880 15881 15882 15883 15884 15885 15886 15887 15888 15889 15890 15891 15892 15893 15894 15895
218 15896 15897 15898 15899 15900 15901 15902 15903 15904 15905 15906 15907
219 15913 15914 15915 15916 15917 15918 15919 15920 15921 15922 15923 15924 15925
220 15926 15927 15928 15929 15930 15931 15932 15933 15934
221 15935 15936 15937 15938 15939 15940 15941 15942 15943
222 15944 15945 15946 15947 15948 15955 15956 15957 15958 15959 15960 15961 15962
223 15972 15971 15970 15966 15967 15968 15969
224 15973 15974 15975 15976 15977 15978 15979 15980 15981
225 15982 15983 15984 15985 15986
