package=1 
plane=1 
1 -1100 
2 -1100 
3 -1100 
4 -1100 
5 -1100 
6 -1100 
7 -1100 
8 -1100 
9 -1100 
10 -1100 
11 -1100 
12 -1100 
13 -1100 
14 -1100 
15 -1100 
16 -1100 
17 -1100 
18 -1100 
19 -1100 
20 -1100 
21 -1100 
22 -1100 
23 -1100 
24 -1100 
25 -1100 
26 -1100 
27 -1100 
28 -1100 
29 -1100 
30 -1100 
31 -1100 
32 -1100 
33 -1100 
34 -1100 
35 -1100 
36 -1100 
37 -1100 
38 -1100 
39 -1100 
40 -1100 
41 -1100 
42 -1100 
43 -1100 
44 -1100 
45 -1100 
46 -1100 
47 -1100 
48 -1100 
49 -1100 
50 -1100 
51 -1100 
52 -1100 
53 -1100 
54 -1100 
55 -1100 
56 -1100 
57 -1100 
58 -1100 
59 -1100 
60 -1100 
61 -1100 
62 -1100 
63 -1100 
64 -1100 
65 -1100 
66 -1100 
67 -1100 
68 -1100 
69 -1100 
70 -1100 
71 -1100 
72 -1100 
73 -1100 
74 -1100 
75 -1100 
76 -1100 
77 -1100 
78 -1100 
79 -1100 
80 -1100 
81 -1100 
82 -1100 
83 -1100 
84 -1100 
85 -1100 
86 -1100 
87 -1100 
88 -1100 
89 -1100 
90 -1100 
91 -1100 
92 -1100 
93 -1100 
94 -1100 
95 -1100 
96 -1100 
97 -1100 
98 -1100 
99 -1100 
100 -1100 
101 -1100 
102 -1100 
103 -1100 
104 -1100 
105 -1100 
106 -1100 
107 -1100 
108 -1100 
109 -1100 
110 -1100 
111 -1100 
112 -1100 
113 -1100 
114 -1100 
115 -1100 
116 -1100 
117 -1100 
118 -1100 
119 -1100 
120 -1100 
121 -1100 
122 -1100 
123 -1100 
124 -1100 
125 -1100 
126 -1100 
127 -1100 
128 -1100 
129 -1100 
130 -1100 
131 -1100 
132 -1100 
133 -1100 
134 -1100 
135 -1100 
136 -1100 
137 -1100 
138 -1100 
139 -1100 
140 -1100 
141 -1100 
142 -1100 
143 -1100 
144 -1100 
145 -1100 
146 -1100 
147 -1100 
148 -1100 
149 -1100 
150 -1100 
151 -1100 
152 -1100 
153 -1100 
154 -1100 
155 -1100 
156 -1100 
157 -1100 
158 -1100 
159 -1100 
160 -1100 
161 -1100 
162 -1100 
163 -1100 
164 -1100 
165 -1100 
166 -1100 
167 -1100 
168 -1100 
169 -1100 
170 -1100 
171 -1100 
172 -1100 
173 -1100 
174 -1100 
175 -1100 
176 -1100 
177 -1100 
178 -1100 
179 -1100 
180 -1100 
181 -1100 
182 -1100 
183 -1100 
184 -1100 
185 -1100 
186 -1100 
187 -1100 
188 -1100 
189 -1100 
190 -1100 
191 -1100 
192 -1100 
193 -1100 
194 -1100 
195 -1100 
196 -1100 
197 -1100 
198 -1100 
199 -1100 
200 -1100 
201 -1100 
202 -1100 
203 -1100 
204 -1100 
205 -1100 
206 -1100 
207 -1100 
208 -1100 
209 -1100 
210 -1100 
211 -1100 
212 -1100 
213 -1100 
214 -1100 
215 -1100 
216 -1100 
217 -1100 
218 -1100 
219 -1100 
220 -1100 
221 -1100 
222 -1100 
223 -1100 
224 -1100 
225 -1100 
226 -1100 
227 -1100 
228 -1100 
229 -1100 
230 -1100 
231 -1100 
232 -1100 
233 -1100 
234 -1100 
235 -1100 
236 -1100 
237 -1100 
238 -1100 
239 -1100 
240 -1100 
241 -1100 
242 -1100 
243 -1100 
244 -1100 
245 -1100 
246 -1100 
247 -1100 
248 -1100 
249 -1100 
250 -1100 
251 -1100 
252 -1100 
253 -1100 
254 -1100 
255 -1100 
256 -1100 
257 -1100 
258 -1100 
259 -1100 
260 -1100 
261 -1100 
262 -1100 
263 -1100 
264 -1100 
265 -1100 
266 -1100 
267 -1100 
268 -1100 
269 -1100 
270 -1100 
271 -1100 
272 -1100 
273 -1100 
274 -1100 
275 -1100 
276 -1100 
277 -1100 
278 -1100 
279 -1100 
plane=2 
1 -1100 
2 -1100 
3 -1100 
4 -1100 
5 -1100 
6 -1100 
7 -1100 
8 -1100 
9 -1100 
10 -1100 
11 -1100 
12 -1100 
13 -1100 
14 -1100 
15 -1100 
16 -1100 
17 -1100 
18 -1100 
19 -1100 
20 -1100 
21 -1100 
22 -1100 
23 -1100 
24 -1100 
25 -1100 
26 -1100 
27 -1100 
28 -1100 
29 -1100 
30 -1100 
31 -1100 
32 -1100 
33 -1100 
34 -1100 
35 -1100 
36 -1100 
37 -1100 
38 -1100 
39 -1100 
40 -1100 
41 -1100 
42 -1100 
43 -1100 
44 -1100 
45 -1100 
46 -1100 
47 -1100 
48 -1100 
49 -1100 
50 -1100 
51 -1100 
52 -1100 
53 -1100 
54 -1100 
55 -1100 
56 -1100 
57 -1100 
58 -1100 
59 -1100 
60 -1100 
61 -1100 
62 -1100 
63 -1100 
64 -1100 
65 -1100 
66 -1100 
67 -1100 
68 -1100 
69 -1100 
70 -1100 
71 -1100 
72 -1100 
73 -1100 
74 -1100 
75 -1100 
76 -1100 
77 -1100 
78 -1100 
79 -1100 
80 -1100 
81 -1100 
82 -1100 
83 -1100 
84 -1100 
85 -1100 
86 -1100 
87 -1100 
88 -1100 
89 -1100 
90 -1100 
91 -1100 
92 -1100 
93 -1100 
94 -1100 
95 -1100 
96 -1100 
97 -1100 
98 -1100 
99 -1100 
100 -1100 
101 -1100 
102 -1100 
103 -1100 
104 -1100 
105 -1100 
106 -1100 
107 -1100 
108 -1100 
109 -1100 
110 -1100 
111 -1100 
112 -1100 
113 -1100 
114 -1100 
115 -1100 
116 -1100 
117 -1100 
118 -1100 
119 -1100 
120 -1100 
121 -1100 
122 -1100 
123 -1100 
124 -1100 
125 -1100 
126 -1100 
127 -1100 
128 -1100 
129 -1100 
130 -1100 
131 -1100 
132 -1100 
133 -1100 
134 -1100 
135 -1100 
136 -1100 
137 -1100 
138 -1100 
139 -1100 
140 -1100 
141 -1100 
142 -1100 
143 -1100 
144 -1100 
145 -1100 
146 -1100 
147 -1100 
148 -1100 
149 -1100 
150 -1100 
151 -1100 
152 -1100 
153 -1100 
154 -1100 
155 -1100 
156 -1100 
157 -1100 
158 -1100 
159 -1100 
160 -1100 
161 -1100 
162 -1100 
163 -1100 
164 -1100 
165 -1100 
166 -1100 
167 -1100 
168 -1100 
169 -1100 
170 -1100 
171 -1100 
172 -1100 
173 -1100 
174 -1100 
175 -1100 
176 -1100 
177 -1100 
178 -1100 
179 -1100 
180 -1100 
181 -1100 
182 -1100 
183 -1100 
184 -1100 
185 -1100 
186 -1100 
187 -1100 
188 -1100 
189 -1100 
190 -1100 
191 -1100 
192 -1100 
193 -1100 
194 -1100 
195 -1100 
196 -1100 
197 -1100 
198 -1100 
199 -1100 
200 -1100 
201 -1100 
202 -1100 
203 -1100 
204 -1100 
205 -1100 
206 -1100 
207 -1100 
208 -1100 
209 -1100 
210 -1100 
211 -1100 
212 -1100 
213 -1100 
214 -1100 
215 -1100 
216 -1100 
217 -1100 
218 -1100 
219 -1100 
220 -1100 
221 -1100 
222 -1100 
223 -1100 
224 -1100 
225 -1100 
226 -1100 
227 -1100 
228 -1100 
229 -1100 
230 -1100 
231 -1100 
232 -1100 
233 -1100 
234 -1100 
235 -1100 
236 -1100 
237 -1100 
238 -1100 
239 -1100 
240 -1100 
241 -1100 
242 -1100 
243 -1100 
244 -1100 
245 -1100 
246 -1100 
247 -1100 
248 -1100 
249 -1100 
250 -1100 
251 -1100 
252 -1100 
253 -1100 
254 -1100 
255 -1100 
256 -1100 
257 -1100 
258 -1100 
259 -1100 
260 -1100 
261 -1100 
262 -1100 
263 -1100 
264 -1100 
265 -1100 
266 -1100 
267 -1100 
268 -1100 
269 -1100 
270 -1100 
271 -1100 
272 -1100 
273 -1100 
274 -1100 
275 -1100 
276 -1100 
277 -1100 
278 -1100 
279 -1100 
plane=3 
1 -1100 
2 -1100 
3 -1100 
4 -1100 
5 -1100 
6 -1100 
7 -1100 
8 -1100 
9 -1100 
10 -1100 
11 -1100 
12 -1100 
13 -1100 
14 -1100 
15 -1100 
16 -1100 
17 -1100 
18 -1100 
19 -1100 
20 -1100 
21 -1100 
22 -1100 
23 -1100 
24 -1100 
25 -1100 
26 -1100 
27 -1100 
28 -1100 
29 -1100 
30 -1100 
31 -1100 
32 -1100 
33 -1100 
34 -1100 
35 -1100 
36 -1100 
37 -1100 
38 -1100 
39 -1100 
40 -1100 
41 -1100 
42 -1100 
43 -1100 
44 -1100 
45 -1100 
46 -1100 
47 -1100 
48 -1100 
49 -1100 
50 -1100 
51 -1100 
52 -1100 
53 -1100 
54 -1100 
55 -1100 
56 -1100 
57 -1100 
58 -1100 
59 -1100 
60 -1100 
61 -1100 
62 -1100 
63 -1100 
64 -1100 
65 -1100 
66 -1100 
67 -1100 
68 -1100 
69 -1100 
70 -1100 
71 -1100 
72 -1100 
73 -1100 
74 -1100 
75 -1100 
76 -1100 
77 -1100 
78 -1100 
79 -1100 
80 -1100 
81 -1100 
82 -1100 
83 -1100 
84 -1100 
85 -1100 
86 -1100 
87 -1100 
88 -1100 
89 -1100 
90 -1100 
91 -1100 
92 -1100 
93 -1100 
94 -1100 
95 -1100 
96 -1100 
97 -1100 
98 -1100 
99 -1100 
100 -1100 
101 -1100 
102 -1100 
103 -1100 
104 -1100 
105 -1100 
106 -1100 
107 -1100 
108 -1100 
109 -1100 
110 -1100 
111 -1100 
112 -1100 
113 -1100 
114 -1100 
115 -1100 
116 -1100 
117 -1100 
118 -1100 
119 -1100 
120 -1100 
121 -1100 
122 -1100 
123 -1100 
124 -1100 
125 -1100 
126 -1100 
127 -1100 
128 -1100 
129 -1100 
130 -1100 
131 -1100 
132 -1100 
133 -1100 
134 -1100 
135 -1100 
136 -1100 
137 -1100 
138 -1100 
139 -1100 
140 -1100 
141 -1100 
142 -1100 
143 -1100 
144 -1100 
145 -1100 
146 -1100 
147 -1100 
148 -1100 
149 -1100 
150 -1100 
151 -1100 
152 -1100 
153 -1100 
154 -1100 
155 -1100 
156 -1100 
157 -1100 
158 -1100 
159 -1100 
160 -1100 
161 -1100 
162 -1100 
163 -1100 
164 -1100 
165 -1100 
166 -1100 
167 -1100 
168 -1100 
169 -1100 
170 -1100 
171 -1100 
172 -1100 
173 -1100 
174 -1100 
175 -1100 
176 -1100 
177 -1100 
178 -1100 
179 -1100 
180 -1100 
181 -1100 
182 -1100 
183 -1100 
184 -1100 
185 -1100 
186 -1100 
187 -1100 
188 -1100 
189 -1100 
190 -1100 
191 -1100 
192 -1100 
193 -1100 
194 -1100 
195 -1100 
196 -1100 
197 -1100 
198 -1100 
199 -1100 
200 -1100 
201 -1100 
202 -1100 
203 -1100 
204 -1100 
205 -1100 
206 -1100 
207 -1100 
208 -1100 
209 -1100 
210 -1100 
211 -1100 
212 -1100 
213 -1100 
214 -1100 
215 -1100 
216 -1100 
217 -1100 
218 -1100 
219 -1100 
220 -1100 
221 -1100 
222 -1100 
223 -1100 
224 -1100 
225 -1100 
226 -1100 
227 -1100 
228 -1100 
229 -1100 
230 -1100 
231 -1100 
232 -1100 
233 -1100 
234 -1100 
235 -1100 
236 -1100 
237 -1100 
238 -1100 
239 -1100 
240 -1100 
241 -1100 
242 -1100 
243 -1100 
244 -1100 
245 -1100 
246 -1100 
247 -1100 
248 -1100 
249 -1100 
250 -1100 
251 -1100 
252 -1100 
253 -1100 
254 -1100 
255 -1100 
256 -1100 
257 -1100 
258 -1100 
259 -1100 
260 -1100 
261 -1100 
262 -1100 
263 -1100 
264 -1100 
265 -1100 
266 -1100 
267 -1100 
268 -1100 
269 -1100 
270 -1100 
271 -1100 
272 -1100 
273 -1100 
274 -1100 
275 -1100 
276 -1100 
277 -1100 
278 -1100 
279 -1100 
plane=4 
1 -1100 
2 -1100 
3 -1100 
4 -1100 
5 -1100 
6 -1100 
7 -1100 
8 -1100 
9 -1100 
10 -1100 
11 -1100 
12 -1100 
13 -1100 
14 -1100 
15 -1100 
16 -1100 
17 -1100 
18 -1100 
19 -1100 
20 -1100 
21 -1100 
22 -1100 
23 -1100 
24 -1100 
25 -1100 
26 -1100 
27 -1100 
28 -1100 
29 -1100 
30 -1100 
31 -1100 
32 -1100 
33 -1100 
34 -1100 
35 -1100 
36 -1100 
37 -1100 
38 -1100 
39 -1100 
40 -1100 
41 -1100 
42 -1100 
43 -1100 
44 -1100 
45 -1100 
46 -1100 
47 -1100 
48 -1100 
49 -1100 
50 -1100 
51 -1100 
52 -1100 
53 -1100 
54 -1100 
55 -1100 
56 -1100 
57 -1100 
58 -1100 
59 -1100 
60 -1100 
61 -1100 
62 -1100 
63 -1100 
64 -1100 
65 -1100 
66 -1100 
67 -1100 
68 -1100 
69 -1100 
70 -1100 
71 -1100 
72 -1100 
73 -1100 
74 -1100 
75 -1100 
76 -1100 
77 -1100 
78 -1100 
79 -1100 
80 -1100 
81 -1100 
82 -1100 
83 -1100 
84 -1100 
85 -1100 
86 -1100 
87 -1100 
88 -1100 
89 -1100 
90 -1100 
91 -1100 
92 -1100 
93 -1100 
94 -1100 
95 -1100 
96 -1100 
97 -1100 
98 -1100 
99 -1100 
100 -1100 
101 -1100 
102 -1100 
103 -1100 
104 -1100 
105 -1100 
106 -1100 
107 -1100 
108 -1100 
109 -1100 
110 -1100 
111 -1100 
112 -1100 
113 -1100 
114 -1100 
115 -1100 
116 -1100 
117 -1100 
118 -1100 
119 -1100 
120 -1100 
121 -1100 
122 -1100 
123 -1100 
124 -1100 
125 -1100 
126 -1100 
127 -1100 
128 -1100 
129 -1100 
130 -1100 
131 -1100 
132 -1100 
133 -1100 
134 -1100 
135 -1100 
136 -1100 
137 -1100 
138 -1100 
139 -1100 
140 -1100 
141 -1100 
142 -1100 
143 -1100 
144 -1100 
145 -1100 
146 -1100 
147 -1100 
148 -1100 
149 -1100 
150 -1100 
151 -1100 
152 -1100 
153 -1100 
154 -1100 
155 -1100 
156 -1100 
157 -1100 
158 -1100 
159 -1100 
160 -1100 
161 -1100 
162 -1100 
163 -1100 
164 -1100 
165 -1100 
166 -1100 
167 -1100 
168 -1100 
169 -1100 
170 -1100 
171 -1100 
172 -1100 
173 -1100 
174 -1100 
175 -1100 
176 -1100 
177 -1100 
178 -1100 
179 -1100 
180 -1100 
181 -1100 
182 -1100 
183 -1100 
184 -1100 
185 -1100 
186 -1100 
187 -1100 
188 -1100 
189 -1100 
190 -1100 
191 -1100 
192 -1100 
193 -1100 
194 -1100 
195 -1100 
196 -1100 
197 -1100 
198 -1100 
199 -1100 
200 -1100 
201 -1100 
202 -1100 
203 -1100 
204 -1100 
205 -1100 
206 -1100 
207 -1100 
208 -1100 
209 -1100 
210 -1100 
211 -1100 
212 -1100 
213 -1100 
214 -1100 
215 -1100 
216 -1100 
217 -1100 
218 -1100 
219 -1100 
220 -1100 
221 -1100 
222 -1100 
223 -1100 
224 -1100 
225 -1100 
226 -1100 
227 -1100 
228 -1100 
229 -1100 
230 -1100 
231 -1100 
232 -1100 
233 -1100 
234 -1100 
235 -1100 
236 -1100 
237 -1100 
238 -1100 
239 -1100 
240 -1100 
241 -1100 
242 -1100 
243 -1100 
244 -1100 
245 -1100 
246 -1100 
247 -1100 
248 -1100 
249 -1100 
250 -1100 
251 -1100 
252 -1100 
253 -1100 
254 -1100 
255 -1100 
256 -1100 
257 -1100 
258 -1100 
259 -1100 
260 -1100 
261 -1100 
262 -1100 
263 -1100 
264 -1100 
265 -1100 
266 -1100 
267 -1100 
268 -1100 
269 -1100 
270 -1100 
271 -1100 
272 -1100 
273 -1100 
274 -1100 
275 -1100 
276 -1100 
277 -1100 
278 -1100 
279 -1100 
package=2 
plane=1 
1 -1100 
2 -1100 
3 -1100 
4 -1100 
5 -1100 
6 -1100 
7 -1100 
8 -1100 
9 -1100 
10 -1100 
11 -1100 
12 -1100 
13 -1100 
14 -1100 
15 -1100 
16 -1100 
17 -1100 
18 -1100 
19 -1100 
20 -1100 
21 -1100 
22 -1100 
23 -1100 
24 -1100 
25 -1100 
26 -1100 
27 -1100 
28 -1100 
29 -1100 
30 -1100 
31 -1100 
32 -1100 
33 -1100 
34 -1100 
35 -1100 
36 -1100 
37 -1100 
38 -1100 
39 -1100 
40 -1100 
41 -1100 
42 -1100 
43 -1100 
44 -1100 
45 -1100 
46 -1100 
47 -1100 
48 -1100 
49 -1100 
50 -1100 
51 -1100 
52 -1100 
53 -1100 
54 -1100 
55 -1100 
56 -1100 
57 -1100 
58 -1100 
59 -1100 
60 -1100 
61 -1100 
62 -1100 
63 -1100 
64 -1100 
65 -1100 
66 -1100 
67 -1100 
68 -1100 
69 -1100 
70 -1100 
71 -1100 
72 -1100 
73 -1100 
74 -1100 
75 -1100 
76 -1100 
77 -1100 
78 -1100 
79 -1100 
80 -1100 
81 -1100 
82 -1100 
83 -1100 
84 -1100 
85 -1100 
86 -1100 
87 -1100 
88 -1100 
89 -1100 
90 -1100 
91 -1100 
92 -1100 
93 -1100 
94 -1100 
95 -1100 
96 -1100 
97 -1100 
98 -1100 
99 -1100 
100 -1100 
101 -1100 
102 -1100 
103 -1100 
104 -1100 
105 -1100 
106 -1100 
107 -1100 
108 -1100 
109 -1100 
110 -1100 
111 -1100 
112 -1100 
113 -1100 
114 -1100 
115 -1100 
116 -1100 
117 -1100 
118 -1100 
119 -1100 
120 -1100 
121 -1100 
122 -1100 
123 -1100 
124 -1100 
125 -1100 
126 -1100 
127 -1100 
128 -1100 
129 -1100 
130 -1100 
131 -1100 
132 -1100 
133 -1100 
134 -1100 
135 -1100 
136 -1100 
137 -1100 
138 -1100 
139 -1100 
140 -1100 
141 -1100 
142 -1100 
143 -1100 
144 -1100 
145 -1100 
146 -1100 
147 -1100 
148 -1100 
149 -1100 
150 -1100 
151 -1100 
152 -1100 
153 -1100 
154 -1100 
155 -1100 
156 -1100 
157 -1100 
158 -1100 
159 -1100 
160 -1100 
161 -1100 
162 -1100 
163 -1100 
164 -1100 
165 -1100 
166 -1100 
167 -1100 
168 -1100 
169 -1100 
170 -1100 
171 -1100 
172 -1100 
173 -1100 
174 -1100 
175 -1100 
176 -1100 
177 -1100 
178 -1100 
179 -1100 
180 -1100 
181 -1100 
182 -1100 
183 -1100 
184 -1100 
185 -1100 
186 -1100 
187 -1100 
188 -1100 
189 -1100 
190 -1100 
191 -1100 
192 -1100 
193 -1100 
194 -1100 
195 -1100 
196 -1100 
197 -1100 
198 -1100 
199 -1100 
200 -1100 
201 -1100 
202 -1100 
203 -1100 
204 -1100 
205 -1100 
206 -1100 
207 -1100 
208 -1100 
209 -1100 
210 -1100 
211 -1100 
212 -1100 
213 -1100 
214 -1100 
215 -1100 
216 -1100 
217 -1100 
218 -1100 
219 -1100 
220 -1100 
221 -1100 
222 -1100 
223 -1100 
224 -1100 
225 -1100 
226 -1100 
227 -1100 
228 -1100 
229 -1100 
230 -1100 
231 -1100 
232 -1100 
233 -1100 
234 -1100 
235 -1100 
236 -1100 
237 -1100 
238 -1100 
239 -1100 
240 -1100 
241 -1100 
242 -1100 
243 -1100 
244 -1100 
245 -1100 
246 -1100 
247 -1100 
248 -1100 
249 -1100 
250 -1100 
251 -1100 
252 -1100 
253 -1100 
254 -1100 
255 -1100 
256 -1100 
257 -1100 
258 -1100 
259 -1100 
260 -1100 
261 -1100 
262 -1100 
263 -1100 
264 -1100 
265 -1100 
266 -1100 
267 -1100 
268 -1100 
269 -1100 
270 -1100 
271 -1100 
272 -1100 
273 -1100 
274 -1100 
275 -1100 
276 -1100 
277 -1100 
278 -1100 
279 -1100 
plane=2 
1 -1100 
2 -1100 
3 -1100 
4 -1100 
5 -1100 
6 -1100 
7 -1100 
8 -1100 
9 -1100 
10 -1100 
11 -1100 
12 -1100 
13 -1100 
14 -1100 
15 -1100 
16 -1100 
17 -1100 
18 -1100 
19 -1100 
20 -1100 
21 -1100 
22 -1100 
23 -1100 
24 -1100 
25 -1100 
26 -1100 
27 -1100 
28 -1100 
29 -1100 
30 -1100 
31 -1100 
32 -1100 
33 -1100 
34 -1100 
35 -1100 
36 -1100 
37 -1100 
38 -1100 
39 -1100 
40 -1100 
41 -1100 
42 -1100 
43 -1100 
44 -1100 
45 -1100 
46 -1100 
47 -1100 
48 -1100 
49 -1100 
50 -1100 
51 -1100 
52 -1100 
53 -1100 
54 -1100 
55 -1100 
56 -1100 
57 -1100 
58 -1100 
59 -1100 
60 -1100 
61 -1100 
62 -1100 
63 -1100 
64 -1100 
65 -1100 
66 -1100 
67 -1100 
68 -1100 
69 -1100 
70 -1100 
71 -1100 
72 -1100 
73 -1100 
74 -1100 
75 -1100 
76 -1100 
77 -1100 
78 -1100 
79 -1100 
80 -1100 
81 -1100 
82 -1100 
83 -1100 
84 -1100 
85 -1100 
86 -1100 
87 -1100 
88 -1100 
89 -1100 
90 -1100 
91 -1100 
92 -1100 
93 -1100 
94 -1100 
95 -1100 
96 -1100 
97 -1100 
98 -1100 
99 -1100 
100 -1100 
101 -1100 
102 -1100 
103 -1100 
104 -1100 
105 -1100 
106 -1100 
107 -1100 
108 -1100 
109 -1100 
110 -1100 
111 -1100 
112 -1100 
113 -1100 
114 -1100 
115 -1100 
116 -1100 
117 -1100 
118 -1100 
119 -1100 
120 -1100 
121 -1100 
122 -1100 
123 -1100 
124 -1100 
125 -1100 
126 -1100 
127 -1100 
128 -1100 
129 -1100 
130 -1100 
131 -1100 
132 -1100 
133 -1100 
134 -1100 
135 -1100 
136 -1100 
137 -1100 
138 -1100 
139 -1100 
140 -1100 
141 -1100 
142 -1100 
143 -1100 
144 -1100 
145 -1100 
146 -1100 
147 -1100 
148 -1100 
149 -1100 
150 -1100 
151 -1100 
152 -1100 
153 -1100 
154 -1100 
155 -1100 
156 -1100 
157 -1100 
158 -1100 
159 -1100 
160 -1100 
161 -1100 
162 -1100 
163 -1100 
164 -1100 
165 -1100 
166 -1100 
167 -1100 
168 -1100 
169 -1100 
170 -1100 
171 -1100 
172 -1100 
173 -1100 
174 -1100 
175 -1100 
176 -1100 
177 -1100 
178 -1100 
179 -1100 
180 -1100 
181 -1100 
182 -1100 
183 -1100 
184 -1100 
185 -1100 
186 -1100 
187 -1100 
188 -1100 
189 -1100 
190 -1100 
191 -1100 
192 -1100 
193 -1100 
194 -1100 
195 -1100 
196 -1100 
197 -1100 
198 -1100 
199 -1100 
200 -1100 
201 -1100 
202 -1100 
203 -1100 
204 -1100 
205 -1100 
206 -1100 
207 -1100 
208 -1100 
209 -1100 
210 -1100 
211 -1100 
212 -1100 
213 -1100 
214 -1100 
215 -1100 
216 -1100 
217 -1100 
218 -1100 
219 -1100 
220 -1100 
221 -1100 
222 -1100 
223 -1100 
224 -1100 
225 -1100 
226 -1100 
227 -1100 
228 -1100 
229 -1100 
230 -1100 
231 -1100 
232 -1100 
233 -1100 
234 -1100 
235 -1100 
236 -1100 
237 -1100 
238 -1100 
239 -1100 
240 -1100 
241 -1100 
242 -1100 
243 -1100 
244 -1100 
245 -1100 
246 -1100 
247 -1100 
248 -1100 
249 -1100 
250 -1100 
251 -1100 
252 -1100 
253 -1100 
254 -1100 
255 -1100 
256 -1100 
257 -1100 
258 -1100 
259 -1100 
260 -1100 
261 -1100 
262 -1100 
263 -1100 
264 -1100 
265 -1100 
266 -1100 
267 -1100 
268 -1100 
269 -1100 
270 -1100 
271 -1100 
272 -1100 
273 -1100 
274 -1100 
275 -1100 
276 -1100 
277 -1100 
278 -1100 
279 -1100 
plane=3 
1 -1100 
2 -1100 
3 -1100 
4 -1100 
5 -1100 
6 -1100 
7 -1100 
8 -1100 
9 -1100 
10 -1100 
11 -1100 
12 -1100 
13 -1100 
14 -1100 
15 -1100 
16 -1100 
17 -1100 
18 -1100 
19 -1100 
20 -1100 
21 -1100 
22 -1100 
23 -1100 
24 -1100 
25 -1100 
26 -1100 
27 -1100 
28 -1100 
29 -1100 
30 -1100 
31 -1100 
32 -1100 
33 -1100 
34 -1100 
35 -1100 
36 -1100 
37 -1100 
38 -1100 
39 -1100 
40 -1100 
41 -1100 
42 -1100 
43 -1100 
44 -1100 
45 -1100 
46 -1100 
47 -1100 
48 -1100 
49 -1100 
50 -1100 
51 -1100 
52 -1100 
53 -1100 
54 -1100 
55 -1100 
56 -1100 
57 -1100 
58 -1100 
59 -1100 
60 -1100 
61 -1100 
62 -1100 
63 -1100 
64 -1100 
65 -1100 
66 -1100 
67 -1100 
68 -1100 
69 -1100 
70 -1100 
71 -1100 
72 -1100 
73 -1100 
74 -1100 
75 -1100 
76 -1100 
77 -1100 
78 -1100 
79 -1100 
80 -1100 
81 -1100 
82 -1100 
83 -1100 
84 -1100 
85 -1100 
86 -1100 
87 -1100 
88 -1100 
89 -1100 
90 -1100 
91 -1100 
92 -1100 
93 -1100 
94 -1100 
95 -1100 
96 -1100 
97 -1100 
98 -1100 
99 -1100 
100 -1100 
101 -1100 
102 -1100 
103 -1100 
104 -1100 
105 -1100 
106 -1100 
107 -1100 
108 -1100 
109 -1100 
110 -1100 
111 -1100 
112 -1100 
113 -1100 
114 -1100 
115 -1100 
116 -1100 
117 -1100 
118 -1100 
119 -1100 
120 -1100 
121 -1100 
122 -1100 
123 -1100 
124 -1100 
125 -1100 
126 -1100 
127 -1100 
128 -1100 
129 -1100 
130 -1100 
131 -1100 
132 -1100 
133 -1100 
134 -1100 
135 -1100 
136 -1100 
137 -1100 
138 -1100 
139 -1100 
140 -1100 
141 -1100 
142 -1100 
143 -1100 
144 -1100 
145 -1100 
146 -1100 
147 -1100 
148 -1100 
149 -1100 
150 -1100 
151 -1100 
152 -1100 
153 -1100 
154 -1100 
155 -1100 
156 -1100 
157 -1100 
158 -1100 
159 -1100 
160 -1100 
161 -1100 
162 -1100 
163 -1100 
164 -1100 
165 -1100 
166 -1100 
167 -1100 
168 -1100 
169 -1100 
170 -1100 
171 -1100 
172 -1100 
173 -1100 
174 -1100 
175 -1100 
176 -1100 
177 -1100 
178 -1100 
179 -1100 
180 -1100 
181 -1100 
182 -1100 
183 -1100 
184 -1100 
185 -1100 
186 -1100 
187 -1100 
188 -1100 
189 -1100 
190 -1100 
191 -1100 
192 -1100 
193 -1100 
194 -1100 
195 -1100 
196 -1100 
197 -1100 
198 -1100 
199 -1100 
200 -1100 
201 -1100 
202 -1100 
203 -1100 
204 -1100 
205 -1100 
206 -1100 
207 -1100 
208 -1100 
209 -1100 
210 -1100 
211 -1100 
212 -1100 
213 -1100 
214 -1100 
215 -1100 
216 -1100 
217 -1100 
218 -1100 
219 -1100 
220 -1100 
221 -1100 
222 -1100 
223 -1100 
224 -1100 
225 -1100 
226 -1100 
227 -1100 
228 -1100 
229 -1100 
230 -1100 
231 -1100 
232 -1100 
233 -1100 
234 -1100 
235 -1100 
236 -1100 
237 -1100 
238 -1100 
239 -1100 
240 -1100 
241 -1100 
242 -1100 
243 -1100 
244 -1100 
245 -1100 
246 -1100 
247 -1100 
248 -1100 
249 -1100 
250 -1100 
251 -1100 
252 -1100 
253 -1100 
254 -1100 
255 -1100 
256 -1100 
257 -1100 
258 -1100 
259 -1100 
260 -1100 
261 -1100 
262 -1100 
263 -1100 
264 -1100 
265 -1100 
266 -1100 
267 -1100 
268 -1100 
269 -1100 
270 -1100 
271 -1100 
272 -1100 
273 -1100 
274 -1100 
275 -1100 
276 -1100 
277 -1100 
278 -1100 
279 -1100 
plane=4 
1 -1100 
2 -1100 
3 -1100 
4 -1100 
5 -1100 
6 -1100 
7 -1100 
8 -1100 
9 -1100 
10 -1100 
11 -1100 
12 -1100 
13 -1100 
14 -1100 
15 -1100 
16 -1100 
17 -1100 
18 -1100 
19 -1100 
20 -1100 
21 -1100 
22 -1100 
23 -1100 
24 -1100 
25 -1100 
26 -1100 
27 -1100 
28 -1100 
29 -1100 
30 -1100 
31 -1100 
32 -1100 
33 -1100 
34 -1100 
35 -1100 
36 -1100 
37 -1100 
38 -1100 
39 -1100 
40 -1100 
41 -1100 
42 -1100 
43 -1100 
44 -1100 
45 -1100 
46 -1100 
47 -1100 
48 -1100 
49 -1100 
50 -1100 
51 -1100 
52 -1100 
53 -1100 
54 -1100 
55 -1100 
56 -1100 
57 -1100 
58 -1100 
59 -1100 
60 -1100 
61 -1100 
62 -1100 
63 -1100 
64 -1100 
65 -1100 
66 -1100 
67 -1100 
68 -1100 
69 -1100 
70 -1100 
71 -1100 
72 -1100 
73 -1100 
74 -1100 
75 -1100 
76 -1100 
77 -1100 
78 -1100 
79 -1100 
80 -1100 
81 -1100 
82 -1100 
83 -1100 
84 -1100 
85 -1100 
86 -1100 
87 -1100 
88 -1100 
89 -1100 
90 -1100 
91 -1100 
92 -1100 
93 -1100 
94 -1100 
95 -1100 
96 -1100 
97 -1100 
98 -1100 
99 -1100 
100 -1100 
101 -1100 
102 -1100 
103 -1100 
104 -1100 
105 -1100 
106 -1100 
107 -1100 
108 -1100 
109 -1100 
110 -1100 
111 -1100 
112 -1100 
113 -1100 
114 -1100 
115 -1100 
116 -1100 
117 -1100 
118 -1100 
119 -1100 
120 -1100 
121 -1100 
122 -1100 
123 -1100 
124 -1100 
125 -1100 
126 -1100 
127 -1100 
128 -1100 
129 -1100 
130 -1100 
131 -1100 
132 -1100 
133 -1100 
134 -1100 
135 -1100 
136 -1100 
137 -1100 
138 -1100 
139 -1100 
140 -1100 
141 -1100 
142 -1100 
143 -1100 
144 -1100 
145 -1100 
146 -1100 
147 -1100 
148 -1100 
149 -1100 
150 -1100 
151 -1100 
152 -1100 
153 -1100 
154 -1100 
155 -1100 
156 -1100 
157 -1100 
158 -1100 
159 -1100 
160 -1100 
161 -1100 
162 -1100 
163 -1100 
164 -1100 
165 -1100 
166 -1100 
167 -1100 
168 -1100 
169 -1100 
170 -1100 
171 -1100 
172 -1100 
173 -1100 
174 -1100 
175 -1100 
176 -1100 
177 -1100 
178 -1100 
179 -1100 
180 -1100 
181 -1100 
182 -1100 
183 -1100 
184 -1100 
185 -1100 
186 -1100 
187 -1100 
188 -1100 
189 -1100 
190 -1100 
191 -1100 
192 -1100 
193 -1100 
194 -1100 
195 -1100 
196 -1100 
197 -1100 
198 -1100 
199 -1100 
200 -1100 
201 -1100 
202 -1100 
203 -1100 
204 -1100 
205 -1100 
206 -1100 
207 -1100 
208 -1100 
209 -1100 
210 -1100 
211 -1100 
212 -1100 
213 -1100 
214 -1100 
215 -1100 
216 -1100 
217 -1100 
218 -1100 
219 -1100 
220 -1100 
221 -1100 
222 -1100 
223 -1100 
224 -1100 
225 -1100 
226 -1100 
227 -1100 
228 -1100 
229 -1100 
230 -1100 
231 -1100 
232 -1100 
233 -1100 
234 -1100 
235 -1100 
236 -1100 
237 -1100 
238 -1100 
239 -1100 
240 -1100 
241 -1100 
242 -1100 
243 -1100 
244 -1100 
245 -1100 
246 -1100 
247 -1100 
248 -1100 
249 -1100 
250 -1100 
251 -1100 
252 -1100 
253 -1100 
254 -1100 
255 -1100 
256 -1100 
257 -1100 
258 -1100 
259 -1100 
260 -1100 
261 -1100 
262 -1100 
263 -1100 
264 -1100 
265 -1100 
266 -1100 
267 -1100 
268 -1100 
269 -1100 
270 -1100 
271 -1100 
272 -1100 
273 -1100 
274 -1100 
275 -1100 
276 -1100 
277 -1100 
278 -1100 
279 -1100 
