package=1
plane=1
0 0
1 0
2 0
3 1401
4 1404
5 1420
6 1417
7 1418
8 1421
9 1422
10 1385
11 1422
12 1424
13 1425
14 1428
15 1422
16 1450
17 1426
18 1423
19 1426
20 1425
21 1425
22 1426
23 1424
24 1426
25 1424
26 1427
27 1424
28 1423
29 1419
30 1423
31 1427
32 1427
33 1427
34 1425
35 1425
36 1428
37 1428
38 1426
39 1427
40 1427
41 1430
42 1426
43 1426
44 1428
45 1427
46 1426
47 1427
48 1423
49 1424
50 1423
51 1423
52 1425
53 1423
54 1424
55 1423
56 1425
57 1425
58 1423
59 1424
60 1425
61 1424
62 1423
63 1424
64 1424
65 1425
66 1423
67 1422
68 1424
69 1424
70 1424
71 1423
72 1424
73 1424
74 1423
75 1423
76 1424
77 1424
78 1423
79 1424
80 1423
81 1423
82 1423
83 1423
84 1424
85 1423
86 1423
87 1423
88 1424
89 1424
90 1424
91 1423
92 1424
93 1424
94 1424
95 1424
96 1425
97 1424
98 1424
99 1423
100 1423
101 1425
102 1423
103 1425
104 1426
105 1424
106 1424
107 1423
108 1424
109 1424
110 1425
111 1423
112 1424
113 1424
114 1423
115 1424
116 1423
117 1424
118 1424
119 1423
120 1425
121 1423
122 1424
123 1423
124 1423
125 1424
126 1425
127 1424
128 1424
129 1424
130 1423
131 1424
132 1424
133 1425
134 1424
135 1425
136 1424
137 1425
138 1424
139 1424
140 1424
141 1426
142 1425
143 1425
144 1423
145 1424
146 1424
147 1423
148 1422
149 1423
150 1423
151 1423
152 1423
153 1423
154 1422
155 1421
156 1424
157 1422
158 1424
159 1423
160 1424
161 1424
162 1424
163 1422
164 1423
165 1422
166 1424
167 1422
168 1424
169 1423
170 1423
171 1422
172 1423
173 1424
174 1423
175 1422
176 1424
177 1424
178 1423
179 1423
180 1424
181 1424
182 1422
183 1425
184 1424
185 1429
186 1424
187 1424
188 1423
189 1423
190 1427
191 1425
192 1424
193 1425
194 1424
195 1424
196 1425
197 1425
198 1424
199 1424
200 1424
201 1426
202 1424
203 1426
204 1424
205 1429
206 1427
207 1424
208 1426
209 1429
210 1426
211 1424
212 1425
213 1431
214 1422
215 1424
216 1426
217 1423
218 1427
219 1424
220 1425
221 1425
222 1427
223 1427
224 1423
225 1429
226 1424
227 1424
228 1425
229 1426
230 1426
231 1422
232 1526
233 1428
234 1424
235 1432
236 1425
237 1428
238 1426
239 1426
240 1425
241 1427
242 1430
243 1435
244 1428
245 1425
246 1429
247 1423
248 1423
249 1425
250 1424
251 1421
252 1424
253 1424
254 1425
255 1425
256 1427
257 1421
258 1425
259 1419
260 1417
261 1421
262 1420
263 1426
264 1422
265 1416
266 1421
267 1221
268 1420
269 1417
270 1419
271 1402
272 1399
273 1365
274 1417
275 1421
276 1365
277 1365
278 1364

plane=2
0 1419
1 1414
2 1432
3 1434
4 1428
5 1436
6 1436
7 1434
8 1436
9 1437
10 1436
11 1435
12 1436
13 1436
14 1442
15 1436
16 1436
17 1441
18 1439
19 1438
20 1435
21 1436
22 1439
23 1436
24 1438
25 1437
26 1438
27 1437
28 1436
29 1437
30 1437
31 1436
32 1441
33 1439
34 1439
35 1440
36 1439
37 1438
38 1440
39 1437
40 1439
41 1439
42 1440
43 1440
44 1439
45 1439
46 1439
47 1439
48 1439
49 1439
50 1439
51 1439
52 1439
53 1439
54 1441
55 1438
56 1438
57 1439
58 1438
59 1440
60 1438
61 1438
62 1440
63 1438
64 1439
65 1440
66 1439
67 1439
68 1438
69 1440
70 1439
71 1438
72 1439
73 1439
74 1440
75 1440
76 1438
77 1438
78 1439
79 1438
80 1438
81 1438
82 1438
83 1438
84 1439
85 1439
86 1441
87 1440
88 1439
89 1439
90 1442
91 1437
92 1441
93 1439
94 1439
95 1438
96 1440
97 1439
98 1439
99 1441
100 1439
101 1440
102 1440
103 1439
104 1442
105 1438
106 1443
107 1440
108 1439
109 1438
110 1439
111 1439
112 1440
113 1440
114 1440
115 1441
116 1439
117 1440
118 1439
119 1438
120 1444
121 1440
122 1438
123 1439
124 1438
125 1439
126 1438
127 1436
128 1440
129 1439
130 1439
131 1438
132 1439
133 1438
134 1438
135 1437
136 1440
137 1439
138 1438
139 1441
140 1440
141 1443
142 1440
143 1441
144 1441
145 1437
146 1440
147 1439
148 1437
149 1439
150 1437
151 1439
152 1439
153 1439
154 1439
155 1440
156 1439
157 1440
158 1438
159 1440
160 1440
161 1438
162 1437
163 1439
164 1438
165 1438
166 1437
167 1439
168 1439
169 1438
170 1438
171 1438
172 1438
173 1438
174 1438
175 1439
176 1439
177 1438
178 1439
179 1439
180 1439
181 1438
182 1438
183 1438
184 1439
185 1438
186 1439
187 1439
188 1437
189 1438
190 1437
191 1439
192 1438
193 1438
194 1439
195 1438
196 1438
197 1438
198 1439
199 1438
200 1438
201 1438
202 1438
203 1437
204 1438
205 1438
206 1437
207 1440
208 1438
209 1439
210 1438
211 1438
212 1440
213 1438
214 1438
215 1439
216 1438
217 1440
218 1439
219 1438
220 1439
221 1440
222 1439
223 1440
224 1439
225 1441
226 1439
227 1438
228 1439
229 1440
230 1439
231 1441
232 1441
233 1441
234 1440
235 1438
236 1439
237 1441
238 1439
239 1439
240 1439
241 1440
242 1442
243 1443
244 1440
245 1438
246 1438
247 1442
248 1438
249 1439
250 1448
251 1439
252 1445
253 1439
254 1438
255 1517
256 1439
257 1441
258 1439
259 1443
260 1440
261 1438
262 1438
263 1439
264 1437
265 1439
266 1443
267 1437
268 1439
269 1437
270 1437
271 1432
272 1435
273 1437
274 1433
275 1433
276 1429
277 1411
278 1412
