
18949
18583
18581
18580
18579
18578
18576
18575
18572
18569
18568
18567
18566
18565
18564
18563
18562
18561
18560
18559
18558
18557
18556
18555
18554
18553
18552
18551
18550
18549
18548
18547
18546
18544
18543
18542
18538
18537
18533
18531
18530
18529
18528
18527
18524
18523
18522
18518
18516
18515
18512
18511
18506
18504
18503
18502
18500
18498
18496
18489
18488
18487
18486
18485
18483
18482
18481
18480
18479
18478
18476
18475
18324
17999
17997
17995
17993
17992
17991
17990
17989
17988
17987
17986
17985
17984
17983
17973
17972
17971
17963
17962
17961
17960
17956
17955
17954
17947
17946
17945
17944
17943
17942
17941
17940
17939
17927
17628
17625
17624
17623
17622
17621
17620
17619
17618
17617
17616
17615
17614
17613
17612
17610
17606
17603
17602
17600
17599
17598
17596
17595
17594
17593
17592
17591
17590
17586
17585
17584
17583
17581
17580
17578
17577
17576
17570
17568
17566
17561
17560
17559
17558
17557
17556
17555
17550
17549
17543
17541
17533
17532
17531
17530
17529
17527
17526
17523
17522
17521
17520
17519
17518
17517
17516
15153
15152
15147
15146
15145
15143
15142
15135
15134
15133
15132
15131
15130
15129
15128
15127
15126
15125
15124
15122
15120
15119
15117
15116
15115
15114
15113
15110
15107
15105
15103
15089
15088
15087
15084
15083
15082
15081
15079
15077
15075
15073
15071
15069
15050
15049
15045
15044
15043
15042
15041
15040
15037
15036
15026
15024
15023
15022
15021
15018
15015
15014
15010
15008
15005
15002
14984
14983
14982
14981
14980
14979
14978
14977
14976
14975
14968
14966
14964
14963
14962
14960
14958
14956
14955
14953
14952
14948
14947
14946
14945
14942
14941
14939
14938
14937
14936
14935
14934
14933
14930
14929
14926
14924
14923
14922
14919
14914
14912
14911
14910
14909
14906
14904
14903
14902
14901
14900
14896
14895
14894
14893
13762
13761
13760
13759
13758
13757
13756
13755
13754
13752
13751
13750
13749
13748
13747
13746
13745
13744
13743
13742
13741
13740
13737
13734
13730
13725
13722
13718
13716
13712
13711
13686
13680
13678
13672
13666
13650
13647
13645
13636
13615
13614
13613
13612
13611
13610
13606
13605
13604
13603
13602
13599
13588
13587
13083
13058
13057
12335
12334
11870
11869
11867
11865
11863
11862
11857
11856
11855
10663
10662
10661
10659
10658
10657
10647
10637
10636
10634
10633
10632
10631
10630
10629
10628
10627
10626
10625
10624
10623
10622
10621
10620
10619
10618
10617
10616
10615
10614
10612
10611
10610
10609
10608
10607
10606
10605
10604
10603
10602
10590
10579
10577
10525
10519
10508
10503
10391
10389
8707
7920
7467
