18582
18577
18573
18571
18570
18545
18541
18540
18539
18536
18535
18534
18532
18526
18525
18517
18514
18505
18501
18499
18497
18484
18477
18474
17998
17996
17994
17959
17948
17629
17611
17609
17607
17601
17597
17589
17587
17569
17548
17547
17546
15151
15150
15149
15148
15141
15140
15139
15138
15137
15136
15123
15121
15118
15112
15111
15109
15108
15106
15086
15085
15080
15078
15076
15074
15072
15070
15055
15052
15051
15048
15047
15046
15039
15038
15035
15034
15028
15027
15025
15019
15017
15016
15013
15012
15011
15009
15007
15006
15004
15003
14969
14967
14965
14961
14959
14957
14954
14943
14931
14928
14927
14921
14918
14917
14916
14915
14913
14905
13739
13738
13736
13735
13733
13732
13731
13729
13728
13726
13724
13723
13717
13715
13714
13713
13708
13707
13698
13697
13696
13695
13694
13693
13692
13691
13690
13689
13688
13687
13685
13684
13683
13682
13681
13679
13677
13676
13675
13674
13673
13671
13669
13668
13667
13665
13664
13663
13662
13661
13660
13659
13658
13657
13656
13655
13654
13653
13607
13601
13600
13082
11871
11868
11866
11864
11861
11858
10706
10696
10695
10694
10693
10692
10688
10673
10672
10671
10670
10669
10668
10667
10666
10665
10664
10660
10656
10655
10654
10653
10652
10651
10650
10649
10648
10646
10645
10644
10643
10642
10641
10640
10639
10638
10613
10601
10600
10599
10598
10597
10596
10595
10594
10593
10592
10589
10588
10587
10586
10585
10584
10583
10582
10581
10580
10578
10576
10575
10574
10573
10572
10571
10570
10569
10568
10567
10566
10565
10564
10563
10562
10561
10560
10559
10558
10557
10556
10555
10554
10553
10552
10551
10550
10549
10548
10547
10546
10545
10544
10543
10542
10535
10534
10533
10532
10531
10530
10529
10528
10527
10526
10524
10523
10522
10521
10520
10517
10516
10515
10514
10513
10512
10511
10510
10509
10506
10505
10504
10428
10427
10426
10425
10424
10423
10422
10421
10420
10419
10418
10417
10416
10415
10411
10410
10409
10408
10405
10404
10403
10402
10401
10400
10397
10396
10394
10393
10390
10380
10379
10378
10370
10369
10368
10367
10366
10365
10364
10363
10362
10361
10360
10359
10334
10333
10332
10331
10330
10329
10324
8795
8794
8793
8792
8791
8790
8789
8788
8787
8786
8785
8784
8783
8782
8781
8780
8779
8776
8775
8774
8773
8772
8771
8770
8744
8743
8742
8741
8733
8732
8731
8730
8729
8728
8727
8726
8725
8724
8723
8722
8721
8720
8719
8717
8716
8715
8714
8713
8712
8711
8710
8709
8708
8706
8705
8704
8703
8702
8701
8700
8699
8698
8697
8696
8695
8694
8693
8692
8691
8690
8689
8688
8687
8686
8685
8684
8683
8682
8681
8680
8679
8677
8676
8675
8674
8673
8672
8671
8670
8669
8668
8667
8666
8665
8664
8662
8661
8660
8659
8658
8656
8655
8654
8652
8651
8650
8649
8647
8627
8626
8625
8624
8623
8622
8621
8620
8619
8618
8617
8616
8615
8613
8612
8611
8610
8609
8608
8607
8605
8604
8603
8602
8601
8600
8599
8598
8597
8596
8594
8593
8592
8584
8583
8582
8581
8580
8579
8578
8577
8576
8575
8119
8118
8116
8115
8114
8113
8112
8111
8110
8109
8108
8107
8106
8103
8102
8101
7927
7926
7925
7924
7923
7922
7921
7919
7918
7917
7916
7915
7914
7913
7912
7911
7910
7820
7819
7800
7480
7479
7478
7476
7475
7474
7473
7472
7471
7470
7469
7468
7466
7465
7464
7463
7462
7461
7323
7322
7321
7320
7319
7318
7317
7316
7315
7314
7313
7312
7311
7310
7309
7308
6329
6327
6326
6325
6324
5723
5722
5721
5720
5719
5718
5717
5716
5715
5711
5710
5709
5708
5707
5619
5618
5617
5572
5571
5570
5569
5568
5567
5566
5565
5564
5563
5562
5561
5560
5559
5558
5557
5556
5555
5346
5345
5334
5333
5293
5292
5205
5204
5203
5202
5201
5200
5199
5198
5197
5196
5195
5194
5193
5192
5191
5190
5189
5188
5187
5186
5185
5184
5183
5182
5181
5180
5177
5176
5175
5174
5173
5172
5171
5170
5168
5167
5166
5164
5163
5162
5161
5160
5159
5158
5157
5156
5155
5153
5152
5151
5150
5149
5148
5147
5143
5142
5141
5140
5139
5138
5137
5136
5135
5134
5132
5131
5130
5129
5128
5127
5125
5124
5123
5122
5121
5120
5118
5117
5116
5115
5114
5113
5112
576
539
536
