18949
18583
18582
18581
18580
18579
18578
18577
18576
18575
18573
18572
18571
18570
18569
18568
18567
18566
18565
18564
18563
18562
18561
18560
18559
18558
18557
18556
18555
18554
18553
18552
18551
18550
18549
18548
18547
18546
18545
18544
18543
18542
18541
18540
18539
18538
18537
18536
18535
18534
18533
18532
18531
18530
18529
18528
18527
18526
18525
18524
18523
18522
18518
18517
18516
18515
18514
18512
18511
18506
18505
18504
18503
18502
18501
18500
18499
18498
18497
18496
18489
18488
18487
18486
18485
18484
18483
18482
18481
18480
18479
18478
18477
18476
18475
18474
18324
17999
17998
17997
17996
17995
17994
17993
17992
17991
17990
17989
17988
17987
17986
17985
17984
17983
17973
17972
17971
17963
17962
17961
17960
17959
17956
17955
17954
17948
17947
17946
17945
17944
17943
17942
17941
17940
17939
17927
17629
17628
17625
17624
17623
17622
17621
17620
17619
17618
17617
17616
17615
17614
17613
17612
17611
17610
17609
17607
17606
17603
17602
17601
17600
17599
17598
17597
17596
17595
17594
17593
17592
17591
17590
17589
17587
17586
17585
17584
17583
17581
17580
17578
17577
17576
17570
17569
17568
17566
17561
17560
17559
17558
17557
17556
17555
17550
17549
17548
17547
17546
17543
17541
17533
17532
17531
17530
17529
17527
17526
17523
17522
17521
17520
17519
17518
17517
17516
15153
15152
15151
15150
15149
15148
15147
15146
15145
15143
15142
15141
15140
15139
15138
15137
15136
15135
15134
15133
15132
15131
15130
15129
15128
15127
15126
15125
15124
15123
15122
15121
15120
15119
15118
15117
15116
15115
15114
15113
15112
15111
15110
15109
15108
15107
15106
15105
15103
15089
15088
15087
15086
15085
15084
15083
15082
15081
15080
15079
15078
15077
15076
15075
15074
15073
15072
15071
15070
15069
15055
15052
15051
15050
15049
15048
15047
15046
15045
15044
15043
15042
15041
15040
15039
15038
15037
15036
15035
15034
15028
15027
15026
15025
15024
15023
15022
15021
15019
15018
15017
15016
15015
15014
15013
15012
15011
15010
15009
15008
15007
15006
15005
15004
15003
15002
14984
14983
14982
14981
14980
14979
14978
14977
14976
14975
14969
14968
14967
14966
14965
14964
14963
14962
14961
14960
14959
14958
14957
14956
14955
14954
14953
14952
14948
14947
14946
14945
14943
14942
14941
14939
14938
14937
14936
14935
14934
14933
14931
14930
14929
14928
14927
14926
14924
14923
14922
14921
14919
14918
14917
14916
14915
14914
14913
14912
14911
14910
14909
14906
14905
14904
14903
14902
14901
14900
14896
14895
14894
14893
13762
13761
13760
13759
13758
13757
13756
13755
13754
13752
13751
13750
13749
13748
13747
13746
13745
13744
13743
13742
13741
13740
13739
13738
13737
13736
13735
13734
13733
13732
13731
13730
13729
13728
13726
13725
13724
13723
13722
13718
13717
13716
13715
13714
13713
13712
13711
13708
13707
13698
13697
13696
13695
13694
13693
13692
13691
13690
13689
13688
13687
13686
13685
13684
13683
13682
13681
13680
13679
13678
13677
13676
13675
13674
13673
13672
13671
13669
13668
13667
13666
13665
13664
13663
13662
13661
13660
13659
13658
13657
13656
13655
13654
13653
13650
13647
13645
13636
13615
13614
13613
13612
13611
13610
13607
13606
13605
13604
13603
13602
13601
13600
13599
13588
13587
13083
13082
13058
13057
12335
12334
11871
11870
11869
11868
11867
11866
11865
11864
11863
11862
11861
11858
11857
11856
11855
10706
10696
10695
10694
10693
10692
10688
10673
10672
10671
10670
10669
10668
10667
10666
10665
10664
10663
10662
10661
10660
10659
10658
10657
10656
10655
10654
10653
10652
10651
10650
10649
10648
10647
10646
10645
10644
10643
10642
10641
10640
10639
10638
10637
10636
10634
10633
10632
10631
10630
10629
10628
10627
10626
10625
10624
10623
10622
10621
10620
10619
10618
10617
10616
10615
10614
10613
10612
10611
10610
10609
10608
10607
10606
10605
10604
10603
10602
10601
10600
10599
10598
10597
10596
10595
10594
10593
10592
10590
10589
10588
10587
10586
10585
10584
10583
10582
10581
10580
10579
10578
10577
10576
10575
10574
10573
10572
10571
10570
10569
10568
10567
10566
10565
10564
10563
10562
10561
10560
10559
10558
10557
10556
10555
10554
10553
10552
10551
10550
10549
10548
10547
10546
10545
10544
10543
10542
10535
10534
10533
10532
10531
10530
10529
10528
10527
10526
10525
10524
10523
10522
10521
10520
10519
10517
10516
10515
10514
10513
10512
10511
10510
10509
10508
10506
10505
10504
10503
10428
10427
10426
10425
10424
10423
10422
10421
10420
10419
10418
10417
10416
10415
10411
10410
10409
10408
10405
10404
10403
10402
10401
10400
10397
10396
10394
10393
10391
10390
10389
10380
10379
10378
10370
10369
10368
10367
10366
10365
10364
10363
10362
10361
10360
10359
10334
10333
10332
10331
10330
10329
10324
8795
8794
8793
8792
8791
8790
8789
8788
8787
8786
8785
8784
8783
8782
8781
8780
8779
8776
8775
8774
8773
8772
8771
8770
8744
8743
8742
8741
8733
8732
8731
8730
8729
8728
8727
8726
8725
8724
8723
8722
8721
8720
8719
8717
8716
8715
8714
8713
8712
8711
8710
8709
8708
8707
8706
8705
8704
8703
8702
8701
8700
8699
8698
8697
8696
8695
8694
8693
8692
8691
8690
8689
8688
8687
8686
8685
8684
8683
8682
8681
8680
8679
8677
8676
8675
8674
8673
8672
8671
8670
8669
8668
8667
8666
8665
8664
8662
8661
8660
8659
8658
8656
8655
8654
8652
8651
8650
8649
8647
8627
8626
8625
8624
8623
8622
8621
8620
8619
8618
8617
8616
8615
8613
8612
8611
8610
8609
8608
8607
8605
8604
8603
8602
8601
8600
8599
8598
8597
8596
8594
8593
8592
8584
8583
8582
8581
8580
8579
8578
8577
8576
8575
8119
8118
8116
8115
8114
8113
8112
8111
8110
8109
8108
8107
8106
8103
8102
8101
7927
7926
7925
7924
7923
7922
7921
7920
7919
7918
7917
7916
7915
7914
7913
7912
7911
7910
7820
7819
7800
7480
7479
7478
7476
7475
7474
7473
7472
7471
7470
7469
7468
7467
7466
7465
7464
7463
7462
7461
7323
7322
7321
7320
7319
7318
7317
7316
7315
7314
7313
7312
7311
7310
7309
7308
6329
6327
6326
6325
6324
5723
5722
5721
5720
5719
5718
5717
5716
5715
5711
5710
5709
5708
5707
5619
5618
5617
5572
5571
5570
5569
5568
5567
5566
5565
5564
5563
5562
5561
5560
5559
5558
5557
5556
5555
5346
5345
5334
5333
5293
5292
5205
5204
5203
5202
5201
5200
5199
5198
5197
5196
5195
5194
5193
5192
5191
5190
5189
5188
5187
5186
5185
5184
5183
5182
5181
5180
5177
5176
5175
5174
5173
5172
5171
5170
5168
5167
5166
5164
5163
5162
5161
5160
5159
5158
5157
5156
5155
5153
5152
5151
5150
5149
5148
5147
5143
5142
5141
5140
5139
5138
5137
5136
5135
5134
5132
5131
5130
5129
5128
5127
5125
5124
5123
5122
5121
5120
5118
5117
5116
5115
5114
5113
5112
576
539
536
