18324
18949
10324
10329
10330
10331
10332
10333
10334
10359
10360
10361
10362
10363
10364
10365
10366
10367
10368
10369
10370
10378
10379
10380
10389
10390
10391
10392
10393
10394
10396
10397
10400
10401
10402
10403
10404
10405
10406
10407
10408
10409
10410
10411
10415
10416
10417
10418
10419
10420
10421
10422
10423
10424
10425
10426
10427
10428
10503
10504
10505
10506
10508
10509
10510
10511
10512
10513
10514
10515
10516
10517
10519
10520
10521
10522
10523
10524
10525
10526
10527
10528
10529
10530
10531
10532
10533
10534
10535
10542
10543
10544
10545
10546
10547
10548
10549
10550
10551
10552
10553
10554
10555
10556
10557
10558
10559
10560
10561
10562
10563
10564
10565
10566
10567
10568
10569
10570
10571
10572
10573
10574
10575
10576
10577
10578
10579
10580
10581
10582
10583
10584
10585
10586
10587
10588
10589
10590
10592
10593
10594
10595
10596
10597
10598
10599
10600
10601
10602
10603
10604
10605
10606
10607
10608
10609
10610
10611
10612
10613
10614
10615
10616
10617
10618
10619
10620
10621
10622
10623
10624
10625
10626
10627
10628
10629
10630
10631
10632
10633
10634
10636
10637
10638
10639
10640
10641
10642
10643
10644
10645
10646
10647
10648
10649
10650
10651
10652
10653
10654
10655
10656
10657
10658
10659
10660
10661
10662
10663
10664
10665
10666
10667
10668
10669
10670
10671
10672
10673
10688
10692
10693
10694
10695
10696
10706
11855
11856
11857
11858
11861
11862
11863
11864
11865
11866
11867
11868
11869
11870
11871
12334
12335
13057
13058
13082
13083
13587
13588
13599
13600
13601
13602
13603
13604
13605
13606
13607
13610
13611
13612
13613
13614
13615
13636
13645
13647
13650
13653
13654
13655
13656
13657
13658
13659
13660
13661
13662
13663
13664
13665
13666
13667
13668
13669
13671
13672
13673
13674
13675
13676
13677
13678
13679
13680
13681
13682
13683
13684
13685
13686
13687
13688
13689
13690
13691
13692
13693
13694
13695
13696
13697
13698
13707
13708
13711
13712
13713
13714
13715
13716
13717
13718
13722
13723
13724
13725
13726
13728
13729
13730
13731
13732
13733
13734
13735
13736
13737
13738
13739
13740
13741
13742
13743
13744
13745
13746
13747
13748
13749
13750
13751
13752
13754
13755
13756
13757
13758
13759
13760
13761
13762
14893
14894
14895
14896
14900
14901
14902
14903
14904
14905
14906
14909
14910
14911
14912
14913
14914
14915
14916
14917
14918
14919
14921
14922
14923
14924
14926
14927
14928
14929
14930
14931
14933
14934
14935
14936
14937
14938
14939
14941
14942
14943
14945
14946
14947
14948
14952
14953
14954
14955
14956
14957
14958
14959
14960
14961
14962
14963
14964
14965
14966
14967
14968
14969
14975
14976
14977
14978
14979
14980
14981
14982
14983
14984
15002
15003
15004
15005
15006
15007
15008
15009
15010
15011
15012
15013
15014
15015
15016
15017
15018
15019
15021
15022
15023
15024
15025
15026
15027
15028
15034
15035
15036
15037
15038
15039
15040
15041
15042
15043
15044
15045
15046
15047
15048
15049
15050
15051
15052
15055
15069
15070
15071
15072
15073
15074
15075
15076
15077
15078
15079
15080
15081
15082
15083
15084
15085
15086
15087
15088
15089
15103
15105
15106
15107
15108
15109
15110
15111
15112
15113
15114
15115
15116
15117
15118
15119
15120
15121
15122
15123
15124
15125
15126
15127
15128
15129
15130
15131
15132
15133
15134
15135
15136
15137
15138
15139
15140
15141
15142
15143
15144
15145
15146
15147
15148
15149
15150
15151
15152
15153
17516
17517
17518
17519
17520
17521
17522
17523
17526
17527
17529
17530
17531
17532
17533
17541
17543
17546
17547
17548
17549
17550
17555
17556
17557
17558
17559
17560
17561
17566
17568
17569
17570
17576
17577
17578
17580
17581
17583
17584
17585
17586
17587
17589
17590
17591
17592
17593
17594
17595
17596
17597
17598
17599
17600
17601
17602
17603
17606
17607
17609
17610
17611
17612
17613
17614
17615
17616
17617
17618
17619
17620
17621
17622
17623
17624
17625
17628
17629
17927
17939
17940
17941
17942
17943
17944
17945
17946
17947
17948
17954
17955
17956
17959
17960
17961
17962
17963
17971
17972
17973
17983
17984
17985
17986
17987
17988
17989
17990
17991
17992
17993
17994
17995
17996
17997
17998
17999
18474
18475
18476
18477
18478
18479
18480
18481
18482
18483
18484
18485
18486
18487
18488
18489
18496
18497
18498
18499
18500
18501
18502
18503
18504
18505
18506
18511
18512
18514
18515
18516
18517
18518
18522
18523
18524
18525
18526
18527
18528
18529
18530
18531
18532
18533
18534
18535
18536
18537
18538
18539
18540
18541
18542
18543
18544
18545
18546
18547
18548
18549
18550
18551
18552
18553
18554
18555
18556
18557
18558
18559
18560
18561
18562
18563
18564
18565
18566
18567
18568
18569
18570
18571
18572
18573
18575
18576
18577
18578
18579
18580
18581
18582
18583
5112
5113
5114
5115
5116
5117
5118
5120
5121
5122
5123
5124
5125
5127
5128
5129
5130
5131
5132
5134
5135
5136
5137
5138
5139
5140
5141
5142
5143
5147
5148
5149
5150
5151
5152
5153
5155
5156
5157
5158
5159
5160
5161
5162
5163
5164
5166
5167
5168
5170
5171
5172
5173
5174
5175
5176
5177
5180
5181
5182
5183
5184
5185
5186
5187
5188
5189
5190
5191
5192
5193
5194
5195
5196
5197
5198
5199
5200
5201
5202
5203
5204
5205
5292
5293
5333
5334
5345
5346
536
539
5555
5556
5557
5558
5559
5560
5561
5562
5563
5564
5565
5566
5567
5568
5569
5570
5571
5572
5617
5618
5619
5707
5708
5709
5710
5711
5715
5716
5717
5718
5719
5720
5721
5722
5723
576
6324
6325
6326
6327
6329
7308
7309
7310
7311
7312
7313
7314
7315
7316
7317
7318
7319
7320
7321
7322
7323
7461
7462
7463
7464
7465
7466
7467
7468
7469
7470
7471
7472
7473
7474
7475
7476
7478
7479
7480
7800
7819
7820
7910
7911
7912
7913
7914
7915
7916
7917
7918
7919
7920
7921
7922
7923
7924
7925
7926
7927
8101
8102
8103
8106
8107
8108
8109
8110
8111
8112
8113
8114
8115
8116
8118
8119
8575
8576
8577
8578
8579
8580
8581
8582
8583
8584
8592
8593
8594
8596
8597
8598
8599
8600
8601
8602
8603
8604
8605
8607
8608
8609
8610
8611
8612
8613
8615
8616
8617
8618
8619
8620
8621
8622
8623
8624
8625
8626
8627
8647
8649
8650
8651
8652
8654
8655
8656
8658
8659
8660
8661
8662
8664
8665
8666
8667
8668
8669
8670
8671
8672
8673
8674
8675
8676
8677
8679
8680
8681
8682
8683
8684
8685
8686
8687
8688
8689
8690
8691
8692
8693
8694
8695
8696
8697
8698
8699
8700
8701
8702
8703
8704
8705
8706
8707
8708
8709
8710
8711
8712
8713
8714
8715
8716
8717
8718
8719
8720
8721
8722
8723
8724
8725
8726
8727
8728
8729
8730
8731
8732
8733
8741
8742
8743
8744
8770
8771
8772
8773
8774
8775
8776
8779
8780
8781
8782
8783
8784
8785
8786
8787
8788
8789
8790
8791
8792
8793
8794
8795
