0 0.0231425
0.5 0.0534382
1 0.0799468
1.5 0.11445
2 0.143484
2.5 0.166626
3 0.199026
3.5 0.233108
4 0.263404
4.5 0.300011
5 0.333673
5.5 0.369439
6 0.406887
6.5 0.448965
7 0.486834
7.5 0.536065
8 0.57141
8.5 0.621061
9 0.659772
9.5 0.701428
10 0.742243
10.5 0.782638
11 0.82766
11.5 0.875628
12 0.918968
12.5 0.965253
13 1.0149
13.5 1.05656
14 1.09695
14.5 1.15334
15 1.20215
15.5 1.24549
16 1.28546
16.5 1.33006
17 1.37424
17.5 1.42558
18 1.4828
18.5 1.53203
19 1.58337
19.5 1.62755
20 1.67594
20.5 1.72306
21 1.77019
21.5 1.82153
22 1.86066
22.5 1.90442
23 1.94902
23.5 1.98689
24 2.02813
24.5 2.06473
25 2.11312
25.5 2.14931
26 2.19012
26.5 2.22378
27 2.26039
27.5 2.28858
28 2.32435
28.5 2.36306
29 2.4043
29.5 2.43207
30 2.46447
30.5 2.49729
31 2.53179
31.5 2.56966
32 2.59869
32.5 2.63109
33 2.65886
33.5 2.68453
34 2.7102
34.5 2.73418
35 2.7649
35.5 2.79225
36 2.81834
36.5 2.84779
37 2.87893
37.5 2.90544
38 2.93405
38.5 2.9614
39 2.98791
39.5 3.0182
40 3.04471
40.5 3.0809
41 3.11624
41.5 3.14444
42 3.17557
42.5 3.20082
43 3.22649
43.5 3.25678
44 3.29086
44.5 3.31948
45 3.35188
45.5 3.38133
46 3.41626
46.5 3.44908
47 3.48021
47.5 3.50672
48 3.53575
48.5 3.56353
49 3.59593
49.5 3.62075
50 3.64978
50.5 3.67756
51 3.70575
51.5 3.7352
52 3.75876
52.5 3.78822
53 3.8122
53.5 3.83324
54 3.86901
54.5 3.90351
55 3.9317
55.5 3.95779
56 3.98893
56.5 4.02553
57 4.06509
57.5 4.09454
58 4.13283
58.5 4.15639
59 4.18795
59.5 4.21993
60 4.25191
60.5 4.28515
61 4.30914
61.5 4.34658
62 4.37562
62.5 4.40255
63 4.43537
63.5 4.46608
64 4.49638
64.5 4.5292
65 4.55445
65.5 4.58011
66 4.60326
66.5 4.62808
67 4.65627
67.5 4.68362
68 4.70719
68.5 4.73243
69 4.75431
69.5 4.77998
70 4.80481
70.5 4.82879
71 4.85193
71.5 4.8797
72 4.90158
72.5 4.92725
73 4.9525
73.5 4.98027
74 5.00467
74.5 5.02908
75 5.05432
75.5 5.07705
76 5.10692
76.5 5.12796
77 5.15531
77.5 5.1835
78 5.21296
78.5 5.23526
79 5.25714
79.5 5.28407
80 5.30637
80.5 5.32993
81 5.35391
81.5 5.37874
82 5.40525
82.5 5.43849
83 5.45742
83.5 5.48477
84 5.51465
84.5 5.54158
85 5.5723
85.5 5.60091
86 5.62321
86.5 5.6514
87 5.68085
87.5 5.70821
88 5.7364
88.5 5.75786
89 5.78563
89.5 5.81045
90 5.83991
90.5 5.87483
91 5.90092
91.5 5.93206
92 5.9552
92.5 5.99391
93 6.02378
93.5 6.05661
94 6.0848
94.5 6.11215
95 6.14202
95.5 6.16895
96 6.19798
96.5 6.22576
97 6.25816
97.5 6.29308
98 6.32506
98.5 6.3503
99 6.37387
99.5 6.40206
100 6.42646
100.5 6.45381
101 6.47948
101.5 6.50347
102 6.5304
102.5 6.55859
103 6.58552
103.5 6.61623
104 6.63895
104.5 6.66673
105 6.69828
105.5 6.72521
106 6.75719
106.5 6.78412
107 6.80432
107.5 6.83714
108 6.8607
108.5 6.89016
109 6.91666
109.5 6.94528
110 6.9701
110.5 7.00208
111 7.02438
111.5 7.05678
112 7.08119
112.5 7.10727
113 7.13715
113.5 7.17039
114 7.19858
114.5 7.2272
115 7.25497
115.5 7.27727
116 7.30251
116.5 7.33113
117 7.35763
117.5 7.39256
118 7.42496
118.5 7.45273
119 7.48387
119.5 7.5108
120 7.54151
120.5 7.56802
121 7.59327
121.5 7.62062
122 7.64755
122.5 7.68079
123 7.70688
123.5 7.73717
124 7.76452
124.5 7.79103
125 7.81417
125.5 7.83984
126 7.86761
126.5 7.8937
127 7.91516
127.5 7.94419
128 7.97028
128.5 7.99553
129 8.02246
129.5 8.04139
130 8.0658
130.5 8.08726
131 8.11292
131.5 8.14364
132 8.16888
132.5 8.19455
133 8.22359
133.5 8.25262
134 8.2766
134.5 8.30059
135 8.3271
135.5 8.35613
136 8.38727
136.5 8.41588
137 8.43818
137.5 8.46511
138 8.49204
138.5 8.52107
139 8.54421
139.5 8.56778
140 8.58966
140.5 8.61659
141 8.64015
141.5 8.67171
142 8.69864
142.5 8.72388
143 8.74492
143.5 8.7748
144 8.80383
144.5 8.83034
145 8.85769
145.5 8.88083
146 8.90987
146.5 8.93343
147 8.96036
147.5 8.98392
148 9.00664
148.5 9.03357
149 9.05798
149.5 9.08827
150 9.1131
150.5 9.13498
151 9.17075
151.5 9.1981
152 9.22292
152.5 9.24985
153 9.27888
153.5 9.30834
154 9.33485
154.5 9.3622
155 9.38871
155.5 9.419
156 9.44383
156.5 9.46781
157 9.49222
157.5 9.51536
158 9.54986
158.5 9.57932
159 9.60204
159.5 9.62939
160 9.65505
160.5 9.68409
161 9.70429
161.5 9.73542
162 9.76151
162.5 9.78886
163 9.812
163.5 9.84272
164 9.87133
164.5 9.89574
165 9.92687
165.5 9.95338
166 9.97737
166.5 10.0064
167 10.0325
167.5 10.0607
168 10.0901
168.5 10.1196
169 10.1398
169.5 10.1646
170 10.1932
170.5 10.2185
171 10.2395
171.5 10.2723
172 10.2993
172.5 10.3232
173 10.3476
173.5 10.3742
174 10.3994
174.5 10.4263
175 10.4533
175.5 10.4747
176 10.508
176.5 10.534
177 10.5648
177.5 10.59
178 10.6153
178.5 10.6409
179 10.6666
179.5 10.6864
180 10.7125
180.5 10.7398
181 10.7651
181.5 10.7928
182 10.8198
182.5 10.8475
183 10.8778
183.5 10.9048
184 10.9292
184.5 10.954
185 10.9746
185.5 10.9986
186 11.0242
186.5 11.0466
187 11.068
187.5 11.0945
188 11.1227
188.5 11.1471
189 11.1745
189.5 11.2035
190 11.225
190.5 11.2477
191 11.2801
191.5 11.3057
192 11.323
192.5 11.3495
193 11.376
193.5 11.4029
194 11.4278
194.5 11.4555
195 11.4816
195.5 11.5027
196 11.5317
196.5 11.562
197 11.5927
197.5 11.6213
198 11.652
198.5 11.679
199 11.7076
199.5 11.7311
200 11.7602
200.5 11.7875
201 11.8161
201.5 11.8439
202 11.8671
202.5 11.8915
203 11.918
203.5 11.9491
204 11.9697
204.5 11.995
205 12.0202
205.5 12.048
206 12.0703
206.5 12.101
207 12.1267
207.5 12.1515
208 12.1789
208.5 12.2049
209 12.2344
209.5 12.2622
210 12.2832
210.5 12.3097
211 12.3307
211.5 12.3573
212 12.3863
212.5 12.4115
213 12.4389
213.5 12.4679
214 12.4949
214.5 12.5138
215 12.5395
215.5 12.5668
216 12.5908
216.5 12.6244
217 12.648
217.5 12.6703
218 12.6972
218.5 12.7212
219 12.7599
219.5 12.786
220 12.8167
220.5 12.8386
221 12.8664
221.5 12.89
222 12.9135
222.5 12.9388
223 12.9644
223.5 12.9888
224 13.0103
224.5 13.0406
225 13.0658
225.5 13.0928
226 13.1189
226.5 13.1479
227 13.1748
227.5 13.1971
228 13.2241
228.5 13.2501
229 13.2745
229.5 13.2964
230 13.3229
230.5 13.3461
231 13.3663
231.5 13.3898
232 13.4147
232.5 13.4361
233 13.4618
233.5 13.4828
234 13.5131
234.5 13.5371
235 13.5666
235.5 13.588
236 13.6116
236.5 13.633
237 13.6617
237.5 13.6856
238 13.718
238.5 13.7403
239 13.7698
239.5 13.7862
240 13.8123
240.5 13.8401
241 13.8691
241.5 13.8948
242 13.9242
242.5 13.9427
243 13.9722
243.5 13.992
244 14.013
244.5 14.0399
245 14.0673
245.5 14.0875
246 14.1094
246.5 14.1308
247 14.1535
247.5 14.1775
248 14.2019
248.5 14.2234
249 14.2512
249.5 14.2739
250 14.2974
250.5 14.3197
251 14.3441
251.5 14.366
252 14.3909
252.5 14.4136
253 14.4346
253.5 14.4548
254 14.4788
254.5 14.4982
255 14.5179
255.5 14.5322
256 14.5461
256.5 14.5646
257 14.5836
257.5 14.5962
258 14.6168
258.5 14.6328
259 14.6505
259.5 14.669
260 14.6854
260.5 14.6989
261 14.7102
261.5 14.7262
262 14.7409
262.5 14.7557
263 14.7687
263.5 14.786
264 14.7948
264.5 14.8028
265 14.815
265.5 14.828
266 14.8444
266.5 14.8533
267 14.8651
267.5 14.8739
268 14.8857
268.5 14.8945
269 14.9076
269.5 14.9164
270 14.9236
270.5 14.9303
271 14.9404
271.5 14.948
272 14.9597
272.5 14.9682
273 14.9753
273.5 14.9825
274 14.9879
274.5 14.9976
275 15.0027
275.5 15.0094
276 15.017
276.5 15.0195
277 15.0292
277.5 15.0325
278 15.0384
278.5 15.0439
279 15.0519
279.5 15.0557
280 15.0607
280.5 15.0645
281 15.07
281.5 15.0725
282 15.0742
282.5 15.078
283 15.0805
283.5 15.0822
284 15.0843
284.5 15.0877
285 15.0898
285.5 15.0935
286 15.0965
286.5 15.0994
287 15.1032
287.5 15.1062
288 15.1095
288.5 15.1104
289 15.1125
289.5 15.1129
290 15.1163
290.5 15.1171
291 15.1184
291.5 15.1209
292 15.1234
292.5 15.1255
293 15.1264
293.5 15.1289
294 15.1306
294.5 15.131
295 15.1331
295.5 15.1339
296 15.1356
296.5 15.136
297 15.1377
297.5 15.1394
298 15.1403
298.5 15.1415
299 15.1419
299.5 15.1436
300 15.1453
300.5 15.1457
301 15.147
301.5 15.1478
302 15.1482
302.5 15.1495
303 15.1503
303.5 15.1503
304 15.1508
304.5 15.1512
305 15.1516
305.5 15.152
306 15.1525
306.5 15.1537
307 15.1541
307.5 15.1541
308 15.1546
308.5 15.155
309 15.1567
309.5 15.1571
310 15.1571
310.5 15.1583
311 15.1588
311.5 15.1588
312 15.1596
312.5 15.1604
313 15.1604
313.5 15.1621
314 15.1626
314.5 15.1638
315 15.1651
315.5 15.1651
316 15.1655
316.5 15.1663
317 15.1663
317.5 15.1676
318 15.168
318.5 15.168
319 15.1689
319.5 15.1693
320 15.1697
320.5 15.1701
321 15.171
321.5 15.1714
322 15.1722
322.5 15.1726
323 15.1735
323.5 15.1743
324 15.1748
324.5 15.1748
325 15.1752
325.5 15.1756
326 15.176
326.5 15.1769
327 15.1769
327.5 15.1777
328 15.1785
328.5 15.1785
329 15.1798
329.5 15.1798
330 15.1798
330.5 15.1802
331 15.1806
331.5 15.1811
332 15.1815
332.5 15.1815
333 15.1819
333.5 15.1823
334 15.1827
334.5 15.1827
335 15.1827
335.5 15.1832
336 15.1832
336.5 15.1832
337 15.1836
337.5 15.1836
338 15.1836
338.5 15.1836
339 15.1836
339.5 15.184
340 15.1844
340.5 15.1844
341 15.1844
341.5 15.1853
342 15.1853
342.5 15.1857
343 15.1861
343.5 15.1861
344 15.1861
344.5 15.1865
345 15.1865
345.5 15.1865
346 15.1865
346.5 15.1874
347 15.1874
347.5 15.1874
348 15.1874
348.5 15.1874
349 15.1878
349.5 15.1878
350 15.1886
350.5 15.1886
351 15.1886
351.5 15.1886
352 15.1886
352.5 15.1886
353 15.1891
353.5 15.1891
354 15.1895
354.5 15.1903
355 15.1903
355.5 15.1907
356 15.1907
356.5 15.1912
357 15.1916
357.5 15.1916
358 15.1916
358.5 15.1916
359 15.1916
359.5 15.1916
360 15.192
360.5 15.1924
361 15.1928
361.5 15.1928
362 15.1928
362.5 15.1937
363 15.1937
363.5 15.1937
364 15.1937
364.5 15.1937
365 15.1937
365.5 15.1941
366 15.1945
366.5 15.1945
367 15.1945
367.5 15.1945
368 15.195
368.5 15.1954
369 15.1954
369.5 15.1954
370 15.1954
370.5 15.1954
371 15.1954
371.5 15.1954
372 15.1958
372.5 15.1962
373 15.1962
373.5 15.1966
374 15.1966
374.5 15.1966
375 15.1966
375.5 15.1966
376 15.1966
376.5 15.1971
377 15.1971
377.5 15.1971
378 15.1971
378.5 15.1975
379 15.1975
379.5 15.1975
380 15.1975
380.5 15.1975
381 15.1975
381.5 15.1975
382 15.1979
382.5 15.1979
383 15.1979
383.5 15.1979
384 15.1979
384.5 15.1979
385 15.1979
385.5 15.1979
386 15.1979
386.5 15.1979
387 15.1979
387.5 15.1979
388 15.1979
388.5 15.1979
389 15.1979
389.5 15.1979
390 15.1979
390.5 15.1979
391 15.1979
391.5 15.1983
392 15.1987
392.5 15.1987
393 15.1987
393.5 15.1987
394 15.1987
394.5 15.1992
395 15.1992
395.5 15.1996
396 15.1996
396.5 15.1996
397 15.1996
397.5 15.1996
398 15.2
398.5 15.2
399 15.2
399.5 15.2
400 15.2