0 0.392502
1 0.444446
2 0.499071
3 0.566949
4 0.628365
5 0.698358
6 0.770644
7 0.835842
8 0.910124
9 0.974071
10 1.04993
11 1.12529
12 1.19346
13 1.27034
14 1.33839
15 1.41631
16 1.49461
17 1.56237
18 1.6363
19 1.70418
20 1.78033
21 1.85742
22 1.92806
23 2.00473
24 2.07183
25 2.14695
26 2.22302
27 2.29143
28 2.36521
29 2.4316
30 2.50761
31 2.58529
32 2.65007
33 2.72706
34 2.79327
35 2.86725
36 2.94374
37 3.01174
38 3.08328
39 3.15056
40 3.22562
41 3.29934
42 3.36432
43 3.43554
44 3.50121
45 3.57475
46 3.64757
47 3.7137
48 3.78863
49 3.85189
50 3.92457
51 3.99489
52 4.05535
53 4.12418
54 4.18625
55 4.2544
56 4.31665
57 4.38271
58 4.4491
59 4.50727
60 4.57089
61 4.62724
62 4.68985
63 4.75037
64 4.80449
65 4.86558
66 4.91689
67 4.97223
68 5.02829
69 5.07469
70 5.12601
71 5.17048
72 5.217
73 5.26066
74 5.2959
75 5.33542
76 5.36965
77 5.4058
78 5.43821
79 5.46567
80 5.49382
81 5.51663
82 5.53939
83 5.56092
84 5.5784
85 5.59711
86 5.6126
87 5.62734
88 5.64131
89 5.65245
90 5.66403
91 5.67342
92 5.68327
93 5.69221
94 5.70007
95 5.70841
96 5.71491
97 5.72277
98 5.7289
99 5.73435
100 5.74022
101 5.74505
102 5.75115
103 5.7566
104 5.76116
105 5.76581
106 5.76962
107 5.774
108 5.77823
109 5.78159
110 5.78511
111 5.78809
112 5.79187
113 5.79547
114 5.79884
115 5.80214
116 5.80474
117 5.80754
118 5.8101
119 5.81269
120 5.81555
121 5.81805
122 5.82064
123 5.82412
124 5.82645
125 5.82931
126 5.83157
127 5.83452
128 5.83735
129 5.84
130 5.84