9903 0
9903 1
9903 2
9905 0
9905 1
9905 2
9905 3
9905 4
9905 5
9905 6
9906 0
9906 1
9906 2
9908 0
9908 1
9908 2
9908 3
9908 4
9908 5
9908 6
9908 7
9908 8
9908 9
11496 0
11496 1
11496 2
11496 3
11496 4
11496 5
11496 6
11496 7
11496 8
11497 0
11497 1
11497 2
11498 0
11498 1
11498 2
11498 3
11498 4
11498 5
11498 6
11498 7
11498 8
11499 0
11499 1
11499 2
11499 3
11499 4
11499 5
11499 6
11499 7
11499 8
11500 0
11500 1
11500 2
11500 3
11500 4
11500 5
11500 6
11500 7
11500 8
11501 0
11501 1
11501 2
11501 3
11501 4
11501 5
11501 6
11501 7
11501 8
11502 0
11502 1
11502 2
11502 3
11502 4
11502 5
11502 6
11502 7
11502 8
11502 9
11504 0
11504 1
11504 2
11504 3
11504 4
11504 5
11504 6
11504 7
11504 8
11505 0
11505 1
11506 0
11506 1
11506 2
11506 3
11506 4
11506 5
11506 6
11506 7
11506 8
11507 0
11507 1
11507 2
11507 3
11507 4
11507 5
11508 0
11508 1
11508 2
11508 3
11508 4
11508 5
11508 6
11508 7
11508 8
11508 9
11509 0
11509 1
11509 2
11509 3
11509 4
11509 5
11509 6
11509 7
11509 8
11509 9
11510 0
11510 1
11510 2
11510 3
11510 4
11510 5
11510 6
11510 7
11510 8
11510 9
11511 0
11511 1
11512 0
11512 1
11512 2
11512 3
11512 4
11512 5
11512 6
11512 7
11512 8
11512 9
11513 0
11513 1
11513 2
11513 3
11513 4
11513 5
11513 6
11513 7
