18012
18013
18014
18027
18030
18032
18035
18036
18037
18038
18039
18040
18041
18042
18044
18046
18059
18060
18061
18062
18063
18064
18065
18066
18067
18068
18072
18073
18074
18075
18076
18077
18078
18080
18081
18082
18104
18105
18106
18107
18108
18109
18110
18111
18112
18113
18114
18117
18118
18119
18122
18123
18124
18125
18126
18127
18128
18129
18130
18131
18132
18133
18134
18135
18136
18138
18140
18141
18142
18143
18144
18145
18146
18147
18148
18149
18151
18152
18153
18154
18161
18162
18163
18164
18165
18166
18167
18168
18169
18172
18173
18174
18175
18176
18177
18178
18180
18182
18183
18184
18185
18186
18187
18188
18189
18190
18191
18193
18194
18195
18196
18197
18198
18199
18200
18201
18202
18203
18204
18205
18228
18229
18231
18232
18233
18234
18235
18236
18238
18239
18240
18241
18242
18243
18244
18245
18246
18247
18248
18249
18250
18251
18252
18253
18254
18255
18256
18257
18258
18260
18261
18262
18263
18264
18265
18266
18267
18268
18269
18270
18271
18279
18280
18291
18329
18331
18332
18333
18334
18335
18336
18337
18338
18339
18340
18341
18342
