14153
14154
14155
14156
14157
14158
14159
14160
14161
14162
14164
14165
14166
14167
14168
14170
14171
14172
14173
14174
14175
14176
14177
14178
14179
15170
15171
15172
15173
15174
15175
15179
15180
15181
15182
15183
15184
15185
15452
15453
15454
15455
15456
15457
15458
15459
15460
15461
15462
15463
15464
15465
15466
15467
15735
15736
15737
15738
15739
15740
15741
15742
15743
15744
15745
15847
15848
15849
15850
15851
15852
15853
15854
15855
15856
15857
15858
15859
15860
15861
15862
15863
15864
15865
15866
15867
15868
15869
15870
15871
15872
15873
15874
15875
16488
16489
16490
16491
16492
16493
16494
16495
16496
16497
16500
16501
16502
16504
16506
16507
16508
16773
16774
16775
16776
16777
16778
16779
16780
16922
16923
16949
16951
16952
16953
16963
16964
16965
17371
17372
17373
17376
17377
17378
17379
17380
17381
17382
17383
17384
17385
17386
17387
17388
17389
17390
17391
17392
17393
17394
17395
17396
17397
17398
17400
18597
18598
18599
18600
18601
18602
18603
18604
18605
18608
18610
18613
18614
18628
18629
18630
18631
18632
18633
18634
18635
18636
18637
18638
18639
18640
18641
18642
18643
