22737	
22738	
22739	
22740	
22741	
22742	
22743	
22744	
22745	
22746	
22747	
22748	
22749	
22751	
22752	
22753	
22754	
22755	
22756	
22757	
22758	
22759	
22760	
22762	
22763	
22764	
22765	
22766	
22767	
22768	
22769	
22770	
22771	
22772	
22773	
22774	
22775	
22776	
22777	
22778	
22779	
22780	
22781	
22783	
22784	
22785	
22786	
22787	
22788	
22789	
22790	
22791	
22792	
22793	
22794	
22795	
22796	
22797	
22798	
22800	
22801	
22802	
22803	
22805	
22806	
22807	
22808	
22809	
22810	
22811	
22812	
22813	
22814	
22815	
22816	
22817	
22819	
22820	
22821	
22822	
22823	
22824	
22825	
22826	
22827	
22828	
22829	
22830	
22831	
22832	
22833	
22834	
22835	
22836	
22837	
22838	
22843	
22844	
22845	
22848	
22849	
22850	
22851	
22852	
22853	
22854	
22855	
22856	
22857	
22858	
22859	
22860	
22861	
22862	
22863	
22864	
22865	
22866	
22867	
22868	
22869	
22870	
22871	
22872	
22873	
22874	
22875	
22876	
22877	
22878	
22881	
22882	
22883	
22884	
22885	
22886	
22887	
22888	
22889	
22890	
22891	
22892	
22893	
22894	
22895	
22896	
22897	
22898	
22901	
22902	
22903	
22904	
22905	
22906	
22907	
22908	
22909	
22910	
22911	
22912	
22913	
22914	
22915	
22916	
22917	
22918	
22919	
22920	
22921	
22922	
22923	
22924	
22925	
22926	
22927	
22936	
22937	
22938	
22939	
22940	
22941	
22943	
22944	
22947	
22955	
22956	
22957	
22958	
22959	
22961	
22962	
22963	
22964	
22965	
22967	
22968	
22969	
22970	
22971	
22972	
22973	
22982	
22983	
22984	
22985	
22986	
22987	
22988	
22989	
22990	
22991	
22992	
22993	
22995	
22996	
22997	
22998	
22999	
23000	
23001	
23002	
23129	
23130	
23141	
23142	
23143	
23145	
23146	
23147	
23148	
23154	
23155	
23156	
23157	
23158	
23159	
23160	
23161	
23162	
23163	
23164	
23168	
23169	
23173	
23174	
23175	
23176	
23177	
23178	
23179	
23180	
23181	
23182	
23183	
23184	
23185	
23186	
23189	
23199	
23200	
23201	
23202	
23203	
23204	
23205	
23206	
23207	
23208	
23216	
23217	
23218	
23220	
23221	
23222	
23224	
23225	
23226	
23227	
23230	
23231	
23232	
23233	
23234	
23235	
23236	
23237	
23238	
23240	
23241	
23242	
23243	
23244	
23245	
23246	
23259	
23260	
23261	
23262	
23263	
23264	
23265	
23266	
23267	
23269	
23270	
23271	
23272	
23274	
23281	
23282	
23283	
23284	
23285	
23286	
23287	
23288	
23289	
23290	
23291	
23292	
23293	
23294	
23295	
23296	
23298	
23299	
23300	
23301	
23302	
23304	
23305	
23306	
23307	
23309	
23310	
23311	
23312	
23313	
23314	
23315	
23316	
23317	
23318	
23321	
23322	
23323	
23324	
23325	
23326	
23327	
23328	
23329	
23330	
23331	
23332	
23333	
23334	
23335	
23336	
23337	
23338	
23342	
23343	
23345	
23346	
23347	
23348	
23349	
23350	
23351	
23352	
23353	
23354	
23355	
23356	
23357	
23371	
23372	
23373	
23374	
23375	
23376	
23389	
23390	
23391	
23392	
23393	
23395	
23396	
23397	
23398	
23399	
23400	
23401	
23402	
23403	
23404	
23405	
23406	
23407	
23408	
23409	
23410	
23411	
23412	
23413	
23414	
23415	
23416	
23417	
23418	
23419	
23420	
23421	
23422	
23423	
23424	
23425	
23426	
23427	
23428	
23429	
23430	
23431	
23432	
23433	
23434	
23435	
23436	
23437	
23438	
23439	
23440	
23441	
23442	
23443	
23444	
23445	
23447	
23448	
23450	
23452	
23453	
23454	
23455	
23456	
23457	
23458	
23459	
23460	
23461	
23462	
23463	
23464	
23465	
23466	
23467	
23468	
23469	
23470	
23471	
23472	
23473	
23474	
23475	
23476	
23477	
23478	
23480	
23482	
23483	
23484	
23485	
23486	
23487	
23488	
23489	
23490	
23491	
23492	
23493	
23494	
23495	
23496	
23497	
23498	
23499	
23505	
23506	
23507	
23508	
23509	
23510	
23511	
23512	
23513	
23514	
23515	
23516	
23517	
23518	
23522	
23523	
23524	
23525	
23526	
23528	
23529	
23530	
23531	
23532	
23533	
23534	
23535	
23536	
23537	
23549	
23550	
23551	
23552	
23553	
23554	
23555	
23556	
23557	
23567	
23568	
23569	
23570	
23571	
23572	
23573	
23574	
23575	
23576	
23577	
23578	
23579	
23580	
23581	
23582	
23583	
23584	
23585	
23586	
23587	
23588	
23589	
23590	
23591	
23592	
23593	
23594	
23595	
23596	
23597	
23598	
23599	
23600	
23601	
23602	
23603	
23604	
23605	
23607	
23610	
23611	
23612	
23613	
23614	
23615	
23616	
23617	
23618	
23619	
23620	
23621	
23622	
23623	
23624	
23625	
23626	
23627	
23628	
23629	
23630	
23631	
23632	
23633	
23634	
23635	
23636	
23638	
23639	
23640	
23641	
23642	
23643	
23644	
23645	
23646	
23647	
23648	
23649	
23650	
23651	
23652	
23653	
23654	
23655	
23656	
23657	
23658	
23659	
23660	
23661	
23662	
23663	
23664	
23665	
23666	
23667	
23668	
23669	
23670	
23671	
23672	
23673	
23765	
23933	
23934	
23935	
23936	
23937	
23938	
23947	
23948	
23949	
23950	
23951	
23956	
23957	
23958	
23959	
23960	
23961	
23962	
23964	
23965	
23966	
23967	
23970	
23971	
23972	
23973	
23974	
23976	
23992	
23993	
23996	
23997	
23998	
23999	
24001	
24002	
24003	
24004	
24005	
24008	
24010	
24011	
24012	
24013	
24014	
24015	
24016	
24017	
24018	
24019	
24021	
24022	
24023	
24025	
24027	
24028	
24029	
24030	
24031	
24032	
24034	
24035	
24036	
24037	
24038	
24039	
24040	
24041	
24042	
24043	
24044	
24045	
24046	
24047	
24048	
24049	
24050	
24051	
24052	
24053	
24054	
24056	
24057	
24058	
24059	
24060	
24061	
24062	
24063	
24064	
24065	
24066	
24067	
24068	
24069	
24070	
24071	
24072	
24073	
24074	
24075	
24076	
24077	
24078	
24079	
24080	
24081	
24082	
24083	
24084	
24085	
24086	
24087	
24088	
24089	
24090	
24091	
24092	
24093	
24094	
24095	
24096	
24098	
24099	
24100	
24101	
24102	
24103	
24104	
24105	
24106	
24116	
24117	
24118	
24119	
24120	
24121	
24122	
24123	
24124	
24125	
24126	
24127	
24128	
24129	
24130	
24132	
24133	
24134	
24135	
24144	
24145	
24146	
24147	
24148	
24149	
24150	
24151	
24152	
24153	
24154	
24155	
24156	
24157	
24159	
24160	
24161	
24163	
24167	
24169	
24170	
24171	
24172	
24173	
24174	
24175	
24176	
24178	
24179	
24180	
24181	
24182	
24183	
24184	
24185	
24187	
24188	
24189	
24190	
24191	
24192	
24193	
24194	
24195	
24196	
24197	
24198	
24199	
24200	
24201	
24202	
24203	
24204	
24205	
24206	
24207	
24208	
24209	
24211	
24212	
24213	
24214	
24215	
24216	
24217	
24218	
24219	
24220	
24221	
24222	
24223	
24224	
24225	
24226	
24227	
24228	
24229	
24230	
24231	
24232	
24233	
24234	
24243	
24247	
24248	
24249	
24250	
24251	
24252	
24253	
24254	
24255	
24256	
24257	
24258	
24259	
24260	
24261	
24262	
24263	
24264	
24265	
24266	
24267	
24268	
24269	
24270	
24271	
24272	
24273	
24274	
24275	
24276	
24277	
24278	
24279	
24282	
24283	
24284	
24285	
24286	
24288	
24294	
24295	
24297	
24298	
24299	
24300	
24301	
24302	
24303	
24310	
24311	
24312	
24313	
24314	
24315	
24316	
24317	
24318	
24319	
24320	
24321	
24327	
24328	
24329	
24330	
24331	
24333	
24334	
24335	
24336	
24337	
24338	
24339	
24340	
24341	
24342	
24343	
24344	
24345	
24366	
24368	
24369	
24372	
24373	
24374	
24375	
24376	
24377	
24378	
24379	
24380	
24381	
24382	
24383	
24384	
24385	
24386	
24387	
24388	
24389	
24390	
24391	
24392	
24393	
24394	
24395	
24396	
24397	
24398	
24399	
24400	
24401	
24402	
24403	
24404	
24405	
24406	
24407	
24409	
24411	
24412	
24413	
24414	
24416	
24418	
24419	
24420	
24421	
24422	
24423	
24424	
24425	
24426	
24427	
24428	
24429	
24430	
24437	
24438	
24439	
24440	
24441	
24442	
24443	
24444	
24445	
24446	
24447	
24448	
24449	
24453	
24460	
24461	
24462	
24463	
24464	
24465	
24466	
24467	
24468	
24469	
24470	
24471	
24472	
24473	
24474	
24475	
24476	
24477	
24478	
24479	
24480	
24481	
24482	
24485	
24487	
24488	
24490	
24491	
24492	
24493	
24494	
24495	
24496	
24499	
24500	
24501	
24502	
24503	
24504	
24505	
24506	
24507	
24508	
24509	
24510	
24511	
24512	
24513	
24514	
24515	
24516	
24517	
24518	
24519	
24520	
24521	
24522	
24523	
24524	
24525	
24526	
24527	
24528	
24529	
24530	
24531	
24532	
24533	
24534	
24535	
24536	
24537	
24538	
24539	
24540	
24545	
24552	
24553	
24554	
24555	
24556	
24557	
24558	
24559	
24560	
24561	
24562	
24563	
24564	
24565	
24566	
24567	
24568	
24569	
24570	
24571	
24572	
24573	
24574	
24575	
24576	
24577	
24579	
24580	
24581	
24582	
24583	
24584	
24587	
24588	
24589	
24590	
24591	
24593	
24594	
24595	
24596	
24597	
24598	
24599	
24609	
24611	
24612	
24613	
24614	
24615	
24617	
24618	
24619	
24621	
24622	
24623	
24624	
24632	
24634	
24635	
24637	
24638	
24639	
24640	
24641	
24647	
24648	
24649	
24650	
24651	
24652	
24653	
24657	
24659	
24660	
24661	
24662	
24663	
24664	
24665	
24666	
24667	
24668	
24669	
24671	
24673	
24674	
24675	
24676	
24677	
24678	
24681	
24682	
24683	
24684	
24685	
24686	
24687	
24688	
24689	
24690	
24691	
24692	
24693	
24694	
24695	
24708	
24709	
24710	
24711	
24712	
24713	
24714	
24715	
24716	
24717	
24718	
24724	
24727	
24728	
24729	
24730	
24731	
24732	
24733	
24735	
24736	
24737	
24738	
24739	
24740	
24741	
24742	
24743	
24744	
24745	
24746	
24747	
24748	
24749	
24750	
24751	
24752	
24753	
24754	
24755	
24756	
24757	
24759	
24760	
24763	
24764	
24766	
24767	
24768	
24769	
24770	
24771	
24772	
24775	
24776	
24778	
24780	
24781	
24783	
24785	
24803	
24804	
24806	
24808	
24809	
24810	
24811	
24812	
24813	
24822	
24823	
24825	
24826	
24827	
24828	
24829	
24830	
24831	
24833	
24834	
24835	
24837	
24838	
24839	
24840	
24842	
24843	
24844	
24845	
24846	
24847	
24848	
24849	
24851	
24852	
24853	
24854	
24855	
24856	
24857	
24858	
24859	
24860	
24861	
24862	
24863	
24864	
24865	
24866	
24867	
24868	
24869	
24870	
24871	
24872	
24873	
24874	
24875	
24876	
24877	
24879	
24880	
24881	
24882	
24884	
24885	
24886	
24887	
24888	
24889	
24890	
24891	
24892	
24893	
24894	
24895	
24896	
24897	
24898	
24899	
24900	
24901	
24902	
24903	
24904	
24905	
24906	
24907	
24908	
24909	
24910	
24911	
24912	
24913	
24914	
24915	
24916	
24917	
24918	
24919	
24920	
24921	
24922	
24923	
24924	
24925	
24926	
24927	
24928	
24929	
24930	
24931	
24932	
24933	
24935	
24936	
24937	
24938	
24939	
24940	
24941	
24942	
24943	
24944	
24945	
24946	
24947	
24948	
24949	
24950	
24951	
24952	
24953	
24954	
24955	
24956	
24957	
24958	
24959	
24960	
24961	
24962	
24966	
24967	
24968	
24969	
24970	
24971	
24972	
24973	
24974	
24975	
24976	
24977	
24978	
24979	
24980	
24981	
24982	
24983	
24984	
24985	
24986	
24987	
24988	
24989	
24990	
24991	
24992	
24993	
24994	
24995	
24996	
24997	
24998	
25000	
25001	
25002	
25003	
25005	
25006	
25007	
25250	
25251	
25252	
25253	
25254	
25255	
25256	
25257	
25266	
25267	
25268	
25271	
25279	
25326	
25327	
25328	
25329	
25330	
25331	
25332	
25333	
25334	
25335	
25337	
25341	
25342	
25343	
25345	
25346	
25347	
25348	
25349	
25350	
25351	
25352	
25353	
25354	
25355	
25356	
25357	
25358	
25359	
25360	
25361	
25362	
25363	
25364	
25365	
25366	
25367	
25368	
25369	
25370	
25371	
25372	
25374	
25375	
25376	
25377	
25378	
25379	
25380	
25381	
25382	
25383	
25384	
25385	
25390	
25391	
25392	
25393	
25394	
25395	
25396	
25397	
25400	
25407	
25408	
25409	
25410	
25411	
25412	
25413	
25414	
25415	
25416	
25419	
25420	
25421	
25422	
25423	
25424	
25425	
25426	
25427	
25428	
25429	
25430	
25431	
25432	
25433	
25434	
25435	
25436	
25437	
25438	
25439	
25440	
25441	
25442	
25443	
25445	
25446	
25447	
25448	
25449	
25450	
25451	
25452	
25453	
25454	
25456	
25457	
25458	
25459	
25460	
25461	
25462	
25463	
25464	
25465	
25470	
25472	
25494	
25498	
25499	
25502	
25503	
25504	
25506	
25507	
25508	
25509	
25510	
25511	
25512	
25513	
25514	
25515	
25516	
25527	
