13653
13654
13655
13656
13657
13671
13672
13673
13674
13675
13676
13677
13679
13681
13707
13708
13722
13723
13724
13725
13726
13728
13729
13730
13731
13732
14905
14942
14943
14954
14955
14957
14959
14961
14963
14965
14967
15003
15004
15006
15007
15018
15019
15023
15025
15035
15037
15038
15039
15042
15043
15044
15045
15046
15047
15048
15049
15050
15051
15052
15070
15072
15074
15076
15078
15080
15085
15086
15089
15105
15106
15109
15111
15112
15118
15121
15136
15137
15138
15139
15140
15141
15148
15149
15150
15151
15152
18474
18475
18476
18477
18482
18483
18484
18485
18486
18497
18499
18501
18503
18505
18517
18529
18539
18540
18541
18544
18545
18565
18566
18570
18571
18573
18575
18576
18577
