5147
5148
5151
5153
8592
8593
8594
8596
8597
8598
8599
8600
8601
8602
8603
8618
8619
8620
8621
8622
8623
8624
8625
8626
8627
8647
8658
8681
8682
8683
8684
8685
8686
8688
8689
8690
8691
8692
8693
8694
8695
8696
8698
8700
8701
8702
8703
8704
8705
8706
8707
8708
8720
8721
8722
8723
8724
8725
8726
8727
8728
8729
8730
8731
8732
8733
8741
8742
8743
8744
10601
10637
10638
10639
10640
10641
10642
10643
10644
10645
10646
10647
10652
10653
10654
10663
10664
10665
10666
10667
10668
10669
10670
10671
10693
10694
10695
10706
13653
13654
13655
13656
13657
13658
13659
13664
13665
13666
13667
13668
13669
13681
13682
13683
13684
13685
13686
13687
13688
13689
13690
13691
13692
13693
13694
13695
13696
13697
13698
13715
13722
13723
13724
13725
13726
13728
13729
13730
13731
13732
13733
13734
13735
13736
13737
13738
13739
13740
13743
13744
13745
14905
14942
14943
14954
14955
14957
14959
14961
14963
14965
14967
14969
15003
15004
15006
15007
15018
15019
15105
15118
15119
15121
15136
15137
15138
15139
15140
15141
15142
15145
15146
15147
15148
15149
15150
15151
17576
17577
17581
17583
17988
17989
17990
17991
17992
17993
17994
17996
17998
18482
18522
18529
18539
18540
18541
18544
18545
18565
18566
18570
18571
18573
